##x,y,z,radius,shape,name,comment, color_r,color_g,color_b
238.691, 132.484, 8.686, 0, 1, , , 25,250,37
244.190, 130.126, 17.397, 0, 1, , , 25,250,37
251.250, 127.598, 10.486, 0, 1, , , 25,250,37
224.117, 154.167, 6.098, 0, 1, , , 25,250,37
226.415, 160.344, 21.643, 0, 1, , , 25,250,37
236.254, 143.190, 13.034, 0, 1, , , 25,250,37
216.291, 181.174, 14.455, 0, 1, , , 25,250,37
205.005, 170.869, 9.172, 0, 1, , , 25,250,37
209.691, 171.745, 17.078, 0, 1, , , 25,250,37
222.239, 134.625, 8.225, 0, 1, , , 25,250,37
224.031, 141.148, 19.803, 0, 1, , , 25,250,37
191.456, 164.892, 10.478, 0, 1, , , 25,250,37
194.957, 166.211, 16.617, 0, 1, , , 25,250,37
210.747, 122.812, 9.583, 0, 1, , , 25,250,37
217.478, 122.745, 15.950, 0, 1, , , 25,250,37
212.471, 137.628, 8.098, 0, 1, , , 25,250,37
211.831, 141.966, 20.096, 0, 1, , , 25,250,37
204.693, 133.410, 8.000, 0, 1, , , 25,250,37
197.547, 154.645, 7.860, 0, 1, , , 25,250,37
192.796, 153.602, 19.672, 0, 1, , , 25,250,37
194.142, 139.907, 5.878, 0, 1, , , 25,250,37
173.266, 164.466, 8.088, 0, 1, , , 25,250,37
158.691, 166.839, 16.915, 0, 1, , , 25,250,37
198.365, 113.694, 8.243, 0, 1, , , 25,250,37
202.028, 112.830, 14.651, 0, 1, , , 25,250,37
184.117, 129.257, 8.610, 0, 1, , , 25,250,37
154.215, 150.303, 13.758, 0, 1, , , 25,250,37
258.701, 162.917, 3.521, 0, 1, , , 25,250,37
269.326, 165.093, 5.311, 0, 1, , , 25,250,37
274.915, 160.070, 6.773, 0, 1, , , 25,250,37
275.456, 154.895, 5.580, 0, 1, , , 25,250,37
269.807, 209.804, 12.755, 0, 1, , , 25,250,37
261.237, 198.104, 10.142, 0, 1, , , 25,250,37
260.234, 196.189, 15.458, 0, 1, , , 25,250,37
253.185, 194.583, 7.706, 0, 1, , , 25,250,37
255.100, 200.470, 16.600, 0, 1, , , 25,250,37
254.971, 172.830, 7.459, 0, 1, , , 25,250,37
256.797, 172.707, 23.041, 0, 1, , , 25,250,37
268.119, 175.272, 22.893, 0, 1, , , 25,250,37
273.594, 168.247, 20.953, 0, 1, , , 25,250,37
275.329, 162.350, 23.256, 0, 1, , , 25,250,37
289.710, 146.672, 10.338, 0, 1, , , 25,250,37
301.807, 142.176, 18.895, 0, 1, , , 25,250,37
285.423, 169.166, 5.090, 0, 1, , , 25,250,37
316.240, 162.034, 4.276, 0, 1, , , 25,250,37
328.975, 169.542, 7.910, 0, 1, , , 25,250,37
324.307, 175.902, 20.022, 0, 1, , , 25,250,37
328.976, 179.704, 6.014, 0, 1, , , 25,250,37
317.787, 178.582, 5.638, 0, 1, , , 25,250,37
321.529, 204.920, 6.572, 0, 1, , , 25,250,37
290.145, 187.950, 5.655, 0, 1, , , 25,250,37
300.041, 180.462, 5.898, 0, 1, , , 25,250,37
298.160, 163.711, 7.632, 0, 1, , , 25,250,37
316.972, 172.794, 22.028, 0, 1, , , 25,250,37
327.829, 194.768, 5.674, 0, 1, , , 25,250,37
346.995, 172.153, 7.993, 0, 1, , , 25,250,37
391.531, 171.187, 3.467, 0, 1, , , 25,250,37
416.247, 180.635, 3.124, 0, 1, , , 25,250,37
435.433, 189.948, 3.328, 0, 1, , , 25,250,37
476.617, 178.737, 14.338, 0, 1, , , 25,250,37
210.535, 161.657, 7.557, 0, 1, , , 25,250,37
183.354, 124.110, 18.108, 0, 1, , , 25,250,37
190.406, 161.612, 8.394, 0, 1, , , 25,250,37
197.745, 144.249, 10.326, 0, 1, , , 25,250,37
259.347, 183.482, 7.484, 0, 1, , , 25,250,37
261.702, 185.311, 20.115, 0, 1, , , 25,250,37
301.442, 195.239, 5.762, 0, 1, , , 25,250,37
301.402, 205.882, 19.927, 0, 1, , , 25,250,37
313.160, 206.784, 7.665, 0, 1, , , 25,250,37
315.418, 215.094, 11.970, 0, 1, , , 25,250,37
323.256, 209.962, 21.101, 0, 1, , , 25,250,37
331.316, 205.578, 20.900, 0, 1, , , 25,250,37
325.520, 193.401, 21.509, 0, 1, , , 25,250,37
334.885, 186.088, 20.799, 0, 1, , , 25,250,37
297.991, 163.200, 3.705, 0, 1, , , 25,250,37
337.635, 147.945, 10.340, 0, 1, , , 25,250,37
322.612, 146.962, 10.620, 0, 1, , , 25,250,37
320.390, 150.665, 14.639, 0, 1, , , 25,250,37
316.016, 146.486, 17.503, 0, 1, , , 25,250,37
317.821, 139.373, 14.260, 0, 1, , , 25,250,37
306.592, 142.615, 10.730, 0, 1, , , 25,250,37
291.373, 138.866, 14.755, 0, 1, , , 25,250,37
300.988, 149.831, 13.004, 0, 1, , , 25,250,37
293.499, 171.964, 20.241, 0, 1, , , 25,250,37
306.188, 169.083, 7.884, 0, 1, , , 25,250,37
369.273, 230.781, 19.386, 0, 1, , , 25,250,37
362.455, 169.685, 7.807, 0, 1, , , 25,250,37
372.234, 151.176, 9.643, 0, 1, , , 25,250,37
389.105, 148.040, 14.011, 0, 1, , , 25,250,37
385.986, 165.036, 19.598, 0, 1, , , 25,250,37
418.082, 172.671, 20.586, 0, 1, , , 25,250,37
398.422, 197.307, 26.864, 0, 1, , , 25,250,37
432.786, 197.913, 23.376, 0, 1, , , 25,250,37
383.631, 159.742, 12.014, 0, 1, , , 25,250,37
413.807, 152.447, 12.953, 0, 1, , , 25,250,37
425.393, 157.054, 14.370, 0, 1, , , 25,250,37
434.588, 165.979, 12.209, 0, 1, , , 25,250,37
439.329, 162.064, 14.076, 0, 1, , , 25,250,37
471.992, 181.880, 13.147, 0, 1, , , 25,250,37
335.350, 156.456, 17.454, 0, 1, , , 25,250,37
484.264, 189.309, 13.806, 0, 1, , , 25,250,37
489.654, 181.452, 15.181, 0, 1, , , 25,250,37
497.587, 183.753, 13.764, 0, 1, , , 25,250,37
501.961, 194.017, 12.991, 0, 1, , , 25,250,37
513.540, 196.168, 13.800, 0, 1, , , 25,250,37
488.311, 186.314, 12.708, 0, 1, , , 25,250,37
524.655, 199.201, 14.862, 0, 1, , , 25,250,37
440.883, 208.729, 23.505, 0, 1, , , 25,250,37
347.744, 173.716, 19.961, 0, 1, , , 25,250,37
146.801, 115.423, 6.455, 0, 1, , , 25,250,37
153.050, 108.004, 17.015, 0, 1, , , 25,250,37
94.216, 99.345, 15.195, 0, 1, , , 25,250,37
290.465, 195.865, 21.673, 0, 1, , , 25,250,37
288.234, 203.105, 10.435, 0, 1, , , 25,250,37
399.289, 165.555, 19.354, 0, 1, , , 25,250,37
254.927, 179.428, 19.575, 0, 1, , , 25,250,37
422.096, 207.366, 21.583, 0, 1, , , 25,250,37
276.027, 201.848, 15.909, 0, 1, , , 25,250,37
