##x,y,z,radius,shape,name,comment, color_r,color_g,color_b
343.246, 121.801, 39.677, 0, 1, , , 115,1,227
328.243, 114.492, 40.324, 0, 1, , , 115,1,227
312.882, 103.636, 29.224, 0, 1, , , 115,1,227
294.478, 113.156, 26.122, 0, 1, , , 115,1,227
338.847, 135.804, 34.995, 0, 1, , , 115,1,227
334.969, 138.827, 24.043, 0, 1, , , 115,1,227
346.980, 123.441, 16.997, 0, 1, , , 115,1,227
337.347, 114.894, 15.627, 0, 1, , , 115,1,227
231.232, 146.184, 36.638, 0, 1, , , 115,1,227
242.730, 146.089, 16.484, 0, 1, , , 115,1,227
199.772, 167.698, 44.715, 0, 1, , , 115,1,227
213.225, 164.874, 16.310, 0, 1, , , 115,1,227
240.947, 169.500, 42.601, 0, 1, , , 115,1,227
252.536, 173.329, 12.050, 0, 1, , , 115,1,227
225.199, 181.017, 42.469, 0, 1, , , 115,1,227
239.563, 196.950, 19.740, 0, 1, , , 115,1,227
95.185, 176.253, 27.076, 0, 1, , , 115,1,227
57.376, 181.826, 21.833, 0, 1, , , 115,1,227
