##x,y,z,radius,shape,name,comment, color_r,color_g,color_b
392.659, 191.524, 15.835, 0, 1, , , 146,144,149
385.426, 196.484, 13.025, 0, 1, , , 146,144,149
352.407, 204.513, 28.337, 0, 1, , , 146,144,149
377.132, 211.113, 33.992, 0, 1, , , 146,144,149
384.358, 173.769, 19.672, 0, 1, , , 146,144,149
383.079, 168.432, 32.500, 0, 1, , , 146,144,149
389.059, 183.948, 39.376, 0, 1, , , 146,144,149
379.483, 195.823, 40.467, 0, 1, , , 146,144,149
282.409, 184.602, 17.519, 0, 1, , , 146,144,149
296.430, 178.645, 39.883, 0, 1, , , 146,144,149
257.665, 172.001, 15.707, 0, 1, , , 146,144,149
267.655, 168.639, 35.311, 0, 1, , , 146,144,149
286.209, 159.724, 12.703, 0, 1, , , 146,144,149
298.753, 148.545, 40.489, 0, 1, , , 146,144,149
275.892, 140.205, 15.656, 0, 1, , , 146,144,149
279.973, 130.570, 27.674, 0, 1, , , 146,144,149
132.192, 188.708, 26.392, 0, 1, , , 146,144,149
115.654, 189.664, 31.776, 0, 1, , , 146,144,149
98.805, 190.196, 30.417, 0, 1, , , 146,144,149
