##x,y,z,radius,shape,name,comment, color_r,color_g,color_b
34.231, 86.704, 9.326, 0, 1, , , 135,114,183
52.798, 92.441, 19.520, 0, 1, , , 135,114,183
64.808, 132.867, 16.673, 0, 1, , , 135,114,183
77.310, 106.834, 10.905, 0, 1, , , 135,114,183
65.828, 144.415, 13.010, 0, 1, , , 135,114,183
82.427, 145.578, 13.911, 0, 1, , , 135,114,183
100.733, 128.517, 8.864, 0, 1, , , 135,114,183
94.923, 113.885, 21.535, 0, 1, , , 135,114,183
96.028, 96.881, 18.077, 0, 1, , , 135,114,183
78.513, 74.320, 17.465, 0, 1, , , 135,114,183
68.533, 106.058, 22.017, 0, 1, , , 135,114,183
86.483, 131.038, 23.285, 0, 1, , , 135,114,183
96.196, 146.571, 19.356, 0, 1, , , 135,114,183
111.946, 151.145, 18.596, 0, 1, , , 135,114,183
115.983, 123.599, 23.116, 0, 1, , , 135,114,183
125.133, 119.739, 9.794, 0, 1, , , 135,114,183
108.868, 112.564, 9.853, 0, 1, , , 135,114,183
119.076, 103.891, 18.688, 0, 1, , , 135,114,183
102.537, 95.720, 13.244, 0, 1, , , 135,114,183
139.955, 109.694, 11.586, 0, 1, , , 135,114,183
127.433, 137.773, 9.349, 0, 1, , , 135,114,183
129.957, 160.099, 14.415, 0, 1, , , 135,114,183
129.744, 156.275, 24.234, 0, 1, , , 135,114,183
96.897, 124.962, 23.962, 0, 1, , , 135,114,183
76.291, 141.950, 20.212, 0, 1, , , 135,114,183
90.587, 121.134, 8.043, 0, 1, , , 135,114,183
104.434, 105.688, 14.226, 0, 1, , , 135,114,183
158.589, 160.895, 22.896, 0, 1, , , 135,114,183
155.389, 175.720, 22.757, 0, 1, , , 135,114,183
165.284, 175.762, 22.967, 0, 1, , , 135,114,183
175.138, 174.985, 18.909, 0, 1, , , 135,114,183
171.494, 165.751, 27.566, 0, 1, , , 135,114,183
176.424, 139.996, 23.799, 0, 1, , , 135,114,183
190.053, 139.073, 10.186, 0, 1, , , 135,114,183
186.429, 125.685, 9.110, 0, 1, , , 135,114,183
181.909, 116.921, 8.940, 0, 1, , , 135,114,183
186.538, 112.842, 13.902, 0, 1, , , 135,114,183
187.571, 123.609, 18.885, 0, 1, , , 135,114,183
204.238, 144.112, 10.597, 0, 1, , , 135,114,183
182.748, 148.390, 25.582, 0, 1, , , 135,114,183
215.892, 117.688, 12.684, 0, 1, , , 135,114,183
224.330, 128.937, 14.252, 0, 1, , , 135,114,183
212.438, 130.403, 7.682, 0, 1, , , 135,114,183
209.453, 128.301, 14.542, 0, 1, , , 135,114,183
210.119, 126.568, 20.768, 0, 1, , , 135,114,183
231.499, 136.371, 6.999, 0, 1, , , 135,114,183
243.650, 140.045, 8.941, 0, 1, , , 135,114,183
234.334, 151.250, 8.559, 0, 1, , , 135,114,183
243.551, 158.040, 6.922, 0, 1, , , 135,114,183
249.315, 124.881, 12.372, 0, 1, , , 135,114,183
249.865, 133.339, 11.327, 0, 1, , , 135,114,183
240.772, 120.427, 12.469, 0, 1, , , 135,114,183
269.369, 143.431, 18.559, 0, 1, , , 135,114,183
259.861, 148.828, 5.950, 0, 1, , , 135,114,183
262.429, 158.225, 5.141, 0, 1, , , 135,114,183
257.153, 190.451, 6.954, 0, 1, , , 135,114,183
237.709, 181.206, 6.328, 0, 1, , , 135,114,183
240.785, 195.111, 7.719, 0, 1, , , 135,114,183
222.378, 181.544, 9.255, 0, 1, , , 135,114,183
219.007, 186.942, 9.973, 0, 1, , , 135,114,183
231.738, 187.750, 7.984, 0, 1, , , 135,114,183
227.934, 199.282, 10.982, 0, 1, , , 135,114,183
233.616, 210.114, 11.636, 0, 1, , , 135,114,183
241.270, 216.432, 9.992, 0, 1, , , 135,114,183
242.102, 227.865, 11.422, 0, 1, , , 135,114,183
230.145, 219.443, 13.310, 0, 1, , , 135,114,183
210.510, 206.716, 14.182, 0, 1, , , 135,114,183
219.135, 197.771, 19.234, 0, 1, , , 135,114,183
197.179, 192.519, 14.811, 0, 1, , , 135,114,183
218.333, 212.625, 21.335, 0, 1, , , 135,114,183
250.618, 236.454, 13.093, 0, 1, , , 135,114,183
208.537, 191.146, 21.618, 0, 1, , , 135,114,183
175.675, 186.481, 19.467, 0, 1, , , 135,114,183
186.045, 181.160, 15.836, 0, 1, , , 135,114,183
186.200, 170.415, 11.851, 0, 1, , , 135,114,183
201.110, 179.740, 25.396, 0, 1, , , 135,114,183
192.458, 177.822, 21.650, 0, 1, , , 135,114,183
273.682, 237.228, 20.045, 0, 1, , , 135,114,183
293.381, 225.111, 3.903, 0, 1, , , 135,114,183
292.924, 169.124, 3.548, 0, 1, , , 135,114,183
322.778, 175.475, 5.229, 0, 1, , , 135,114,183
308.441, 231.269, 4.294, 0, 1, , , 135,114,183
304.346, 244.146, 12.606, 0, 1, , , 135,114,183
319.391, 235.177, 4.445, 0, 1, , , 135,114,183
315.929, 239.852, 13.456, 0, 1, , , 135,114,183
308.291, 246.128, 17.868, 0, 1, , , 135,114,183
331.517, 255.191, 6.159, 0, 1, , , 135,114,183
349.961, 258.613, 5.845, 0, 1, , , 135,114,183
364.474, 266.370, 5.773, 0, 1, , , 135,114,183
379.781, 275.423, 5.319, 0, 1, , , 135,114,183
408.889, 281.868, 5.910, 0, 1, , , 135,114,183
423.885, 285.099, 4.767, 0, 1, , , 135,114,183
432.140, 294.188, 4.548, 0, 1, , , 135,114,183
442.168, 293.193, 5.306, 0, 1, , , 135,114,183
456.546, 292.263, 4.758, 0, 1, , , 135,114,183
456.925, 302.228, 4.982, 0, 1, , , 135,114,183
469.794, 304.124, 4.010, 0, 1, , , 135,114,183
476.725, 311.979, 4.913, 0, 1, , , 135,114,183
485.631, 307.032, 4.498, 0, 1, , , 135,114,183
495.731, 313.021, 4.643, 0, 1, , , 135,114,183
224.183, 166.969, 24.083, 0, 1, , , 135,114,183
225.483, 149.366, 7.921, 0, 1, , , 135,114,183
