##x,y,z,radius,shape,name,comment, color_r,color_g,color_b
146.315, 194.424, 40.420, 0, 1, , , 93,124,201
154.971, 200.879, 43.286, 0, 1, , , 93,124,201
171.022, 217.695, 36.048, 0, 1, , , 93,124,201
197.400, 206.275, 30.680, 0, 1, , , 93,124,201
157.011, 176.605, 34.220, 0, 1, , , 93,124,201
155.823, 180.712, 24.032, 0, 1, , , 93,124,201
151.335, 196.977, 17.524, 0, 1, , , 93,124,201
161.351, 204.935, 16.802, 0, 1, , , 93,124,201
254.444, 177.685, 40.544, 0, 1, , , 93,124,201
247.112, 172.969, 17.478, 0, 1, , , 93,124,201
281.233, 149.857, 46.522, 0, 1, , , 93,124,201
273.953, 149.848, 12.487, 0, 1, , , 93,124,201
243.936, 147.289, 43.968, 0, 1, , , 93,124,201
241.124, 145.755, 14.424, 0, 1, , , 93,124,201
242.458, 126.408, 41.052, 0, 1, , , 93,124,201
259.903, 124.331, 21.587, 0, 1, , , 93,124,201
397.879, 155.117, 26.253, 0, 1, , , 93,124,201
421.887, 157.920, 24.425, 0, 1, , , 93,124,201
