##x,y,z,radius,shape,name,comment, color_r,color_g,color_b
328.798, 95.365, 18.158, 0, 1, , , 96,53,229
326.271, 107.367, 18.423, 0, 1, , , 96,53,229
322.611, 128.014, 27.306, 0, 1, , , 96,53,229
332.174, 119.148, 38.467, 0, 1, , , 96,53,229
311.082, 91.367, 21.802, 0, 1, , , 96,53,229
314.214, 84.283, 33.136, 0, 1, , , 96,53,229
327.564, 91.609, 41.623, 0, 1, , , 96,53,229
323.722, 108.544, 42.227, 0, 1, , , 96,53,229
232.394, 166.750, 21.584, 0, 1, , , 96,53,229
232.512, 161.256, 44.564, 0, 1, , , 96,53,229
191.842, 168.454, 10.172, 0, 1, , , 96,53,229
200.245, 176.043, 52.567, 0, 1, , , 96,53,229
218.185, 143.596, 14.970, 0, 1, , , 96,53,229
221.282, 135.210, 44.659, 0, 1, , , 96,53,229
201.433, 147.332, 16.819, 0, 1, , , 96,53,229
204.138, 134.184, 39.083, 0, 1, , , 96,53,229
136.601, 256.509, 34.540, 0, 1, , , 96,53,229
111.815, 275.421, 36.995, 0, 1, , , 96,53,229
