##x,y,z,radius,shape,name,comment, color_r,color_g,color_b
139.582, 84.742, 42.223, 0, 1, , , 77,167,175
141.336, 100.177, 44.602, 0, 1, , , 77,167,175
136.123, 118.163, 37.499, 0, 1, , , 77,167,175
125.312, 115.772, 32.471, 0, 1, , , 77,167,175
154.797, 78.569, 35.105, 0, 1, , , 77,167,175
144.315, 77.060, 25.991, 0, 1, , , 77,167,175
139.720, 91.456, 19.826, 0, 1, , , 77,167,175
139.892, 104.392, 19.958, 0, 1, , , 77,167,175
242.786, 143.269, 42.359, 0, 1, , , 77,167,175
234.135, 138.818, 20.558, 0, 1, , , 77,167,175
283.814, 153.528, 54.966, 0, 1, , , 77,167,175
270.358, 155.208, 13.937, 0, 1, , , 77,167,175
247.317, 112.343, 47.012, 0, 1, , , 77,167,175
252.513, 119.646, 13.093, 0, 1, , , 77,167,175
270.306, 109.513, 45.356, 0, 1, , , 77,167,175
266.658, 106.150, 18.787, 0, 1, , , 77,167,175
392.751, 229.321, 33.339, 0, 1, , , 77,167,175
421.281, 246.228, 28.988, 0, 1, , , 77,167,175
413.210, 240.735, 31.205, 0, 1, , , 77,167,175
