##x,y,z,radius,shape,name,comment, color_r,color_g,color_b
487.862, 234.241, 18.533, 0, 1, , , 207,0,147
467.088, 258.529, 9.674, 0, 1, , , 207,0,147
459.815, 276.819, 15.935, 0, 1, , , 207,0,147
432.680, 269.094, 13.597, 0, 1, , , 207,0,147
437.487, 259.104, 9.410, 0, 1, , , 207,0,147
430.099, 258.212, 9.196, 0, 1, , , 207,0,147
430.584, 274.271, 14.877, 0, 1, , , 207,0,147
502.538, 266.352, 7.511, 0, 1, , , 207,0,147
448.921, 251.029, 21.357, 0, 1, , , 207,0,147
450.448, 234.189, 8.622, 0, 1, , , 207,0,147
418.618, 262.443, 18.604, 0, 1, , , 207,0,147
417.129, 250.630, 10.019, 0, 1, , , 207,0,147
426.198, 251.462, 20.242, 0, 1, , , 207,0,147
430.781, 247.195, 21.124, 0, 1, , , 207,0,147
421.116, 236.175, 9.838, 0, 1, , , 207,0,147
426.813, 234.337, 20.206, 0, 1, , , 207,0,147
433.310, 229.023, 12.068, 0, 1, , , 207,0,147
439.589, 229.442, 15.690, 0, 1, , , 207,0,147
436.980, 235.732, 10.608, 0, 1, , , 207,0,147
434.472, 226.117, 16.013, 0, 1, , , 207,0,147
409.645, 263.901, 16.721, 0, 1, , , 207,0,147
402.655, 259.920, 13.923, 0, 1, , , 207,0,147
394.234, 254.844, 18.645, 0, 1, , , 207,0,147
405.839, 235.023, 9.490, 0, 1, , , 207,0,147
417.138, 218.485, 14.172, 0, 1, , , 207,0,147
412.799, 215.389, 16.902, 0, 1, , , 207,0,147
405.664, 225.278, 21.058, 0, 1, , , 207,0,147
402.344, 215.857, 11.290, 0, 1, , , 207,0,147
381.704, 245.282, 21.542, 0, 1, , , 207,0,147
392.618, 242.301, 10.003, 0, 1, , , 207,0,147
373.280, 238.669, 10.002, 0, 1, , , 207,0,147
373.550, 251.010, 14.784, 0, 1, , , 207,0,147
395.066, 221.982, 10.587, 0, 1, , , 207,0,147
343.753, 237.361, 23.593, 0, 1, , , 207,0,147
331.314, 234.145, 23.167, 0, 1, , , 207,0,147
329.988, 228.052, 19.383, 0, 1, , , 207,0,147
324.448, 233.897, 21.330, 0, 1, , , 207,0,147
320.201, 226.757, 11.311, 0, 1, , , 207,0,147
317.731, 229.713, 16.101, 0, 1, , , 207,0,147
326.398, 217.751, 9.748, 0, 1, , , 207,0,147
336.053, 203.717, 9.870, 0, 1, , , 207,0,147
348.993, 222.901, 22.002, 0, 1, , , 207,0,147
336.153, 216.172, 23.433, 0, 1, , , 207,0,147
345.642, 196.338, 8.686, 0, 1, , , 207,0,147
355.228, 195.219, 6.986, 0, 1, , , 207,0,147
333.478, 193.171, 8.547, 0, 1, , , 207,0,147
332.590, 199.552, 8.977, 0, 1, , , 207,0,147
349.815, 201.819, 21.971, 0, 1, , , 207,0,147
342.380, 186.413, 11.901, 0, 1, , , 207,0,147
344.247, 187.879, 19.703, 0, 1, , , 207,0,147
316.443, 210.628, 8.046, 0, 1, , , 207,0,147
321.271, 172.509, 7.948, 0, 1, , , 207,0,147
315.859, 180.250, 9.741, 0, 1, , , 207,0,147
311.096, 164.078, 9.827, 0, 1, , , 207,0,147
331.930, 170.354, 18.488, 0, 1, , , 207,0,147
305.004, 223.564, 18.471, 0, 1, , , 207,0,147
308.087, 198.145, 7.692, 0, 1, , , 207,0,147
304.053, 208.819, 6.321, 0, 1, , , 207,0,147
300.038, 209.786, 25.355, 0, 1, , , 207,0,147
293.646, 227.336, 13.325, 0, 1, , , 207,0,147
294.893, 236.378, 15.767, 0, 1, , , 207,0,147
305.989, 175.139, 5.828, 0, 1, , , 207,0,147
297.893, 167.085, 6.418, 0, 1, , , 207,0,147
301.647, 153.442, 10.968, 0, 1, , , 207,0,147
305.022, 152.806, 15.297, 0, 1, , , 207,0,147
279.695, 177.840, 4.885, 0, 1, , , 207,0,147
286.182, 166.303, 5.972, 0, 1, , , 207,0,147
281.924, 154.730, 7.466, 0, 1, , , 207,0,147
289.198, 149.317, 7.729, 0, 1, , , 207,0,147
274.752, 164.237, 4.786, 0, 1, , , 207,0,147
290.914, 177.387, 25.293, 0, 1, , , 207,0,147
283.157, 207.517, 6.648, 0, 1, , , 207,0,147
278.763, 211.308, 7.382, 0, 1, , , 207,0,147
279.303, 220.906, 10.548, 0, 1, , , 207,0,147
274.057, 224.986, 12.409, 0, 1, , , 207,0,147
277.794, 228.046, 20.736, 0, 1, , , 207,0,147
273.660, 234.118, 14.343, 0, 1, , , 207,0,147
265.621, 216.938, 27.346, 0, 1, , , 207,0,147
309.708, 217.232, 22.160, 0, 1, , , 207,0,147
259.577, 230.038, 16.035, 0, 1, , , 207,0,147
261.519, 177.538, 4.385, 0, 1, , , 207,0,147
253.312, 194.757, 4.269, 0, 1, , , 207,0,147
256.662, 203.994, 5.209, 0, 1, , , 207,0,147
251.937, 214.988, 8.795, 0, 1, , , 207,0,147
252.238, 209.606, 29.460, 0, 1, , , 207,0,147
245.177, 225.210, 15.002, 0, 1, , , 207,0,147
243.206, 220.135, 13.865, 0, 1, , , 207,0,147
250.633, 222.992, 22.825, 0, 1, , , 207,0,147
259.808, 223.616, 24.753, 0, 1, , , 207,0,147
410.891, 239.356, 21.719, 0, 1, , , 207,0,147
398.534, 209.800, 20.945, 0, 1, , , 207,0,147
344.133, 237.901, 11.055, 0, 1, , , 207,0,147
337.297, 180.296, 23.528, 0, 1, , , 207,0,147
307.733, 199.080, 25.579, 0, 1, , , 207,0,147
315.127, 199.421, 7.205, 0, 1, , , 207,0,147
285.870, 206.143, 28.973, 0, 1, , , 207,0,147
270.338, 208.414, 29.518, 0, 1, , , 207,0,147
254.689, 161.227, 4.893, 0, 1, , , 207,0,147
250.415, 169.080, 4.981, 0, 1, , , 207,0,147
232.070, 217.983, 16.869, 0, 1, , , 207,0,147
223.396, 214.724, 13.701, 0, 1, , , 207,0,147
214.622, 210.344, 14.007, 0, 1, , , 207,0,147
206.348, 192.365, 11.994, 0, 1, , , 207,0,147
197.664, 191.625, 13.498, 0, 1, , , 207,0,147
216.851, 154.493, 7.305, 0, 1, , , 207,0,147
199.659, 174.636, 9.898, 0, 1, , , 207,0,147
183.267, 190.284, 12.500, 0, 1, , , 207,0,147
171.423, 186.120, 16.244, 0, 1, , , 207,0,147
164.533, 186.645, 8.980, 0, 1, , , 207,0,147
186.040, 169.058, 10.753, 0, 1, , , 207,0,147
174.995, 159.363, 9.739, 0, 1, , , 207,0,147
147.996, 171.661, 20.385, 0, 1, , , 207,0,147
147.678, 132.045, 8.000, 0, 1, , , 207,0,147
124.927, 119.985, 6.641, 0, 1, , , 207,0,147
195.262, 186.810, 26.138, 0, 1, , , 207,0,147
110.597, 165.023, 9.265, 0, 1, , , 207,0,147
85.702, 152.760, 10.381, 0, 1, , , 207,0,147
71.530, 147.162, 9.389, 0, 1, , , 207,0,147
53.122, 142.963, 9.507, 0, 1, , , 207,0,147
47.663, 150.863, 10.607, 0, 1, , , 207,0,147
43.974, 139.311, 7.790, 0, 1, , , 207,0,147
31.927, 137.136, 8.773, 0, 1, , , 207,0,147
26.976, 145.291, 10.205, 0, 1, , , 207,0,147
18.616, 134.674, 7.975, 0, 1, , , 207,0,147
6.372, 136.019, 10.836, 0, 1, , , 207,0,147
222.957, 189.771, 5.038, 0, 1, , , 207,0,147
292.074, 167.648, 12.600, 0, 1, , , 207,0,147
310.636, 224.427, 18.201, 0, 1, , , 207,0,147
327.179, 181.160, 10.815, 0, 1, , , 207,0,147
