##x,y,z,radius,shape,name,comment, color_r,color_g,color_b
341.189, 97.805, 20.691, 0, 1, , , 106,176,150
337.860, 111.417, 20.452, 0, 1, , , 106,176,150
334.746, 132.438, 33.333, 0, 1, , , 106,176,150
357.297, 121.382, 38.618, 0, 1, , , 106,176,150
331.880, 85.760, 26.407, 0, 1, , , 106,176,150
330.141, 84.262, 38.238, 0, 1, , , 106,176,150
344.659, 92.510, 45.550, 0, 1, , , 106,176,150
337.968, 110.158, 46.064, 0, 1, , , 106,176,150
244.832, 169.776, 21.403, 0, 1, , , 106,176,150
250.298, 154.944, 48.082, 0, 1, , , 106,176,150
200.238, 183.800, 9.623, 0, 1, , , 106,176,150
203.820, 176.822, 60.188, 0, 1, , , 106,176,150
232.903, 146.719, 14.220, 0, 1, , , 106,176,150
240.112, 134.197, 49.835, 0, 1, , , 106,176,150
215.035, 132.027, 18.034, 0, 1, , , 106,176,150
222.231, 132.949, 48.464, 0, 1, , , 106,176,150
144.218, 257.469, 35.632, 0, 1, , , 106,176,150
110.199, 280.561, 38.051, 0, 1, , , 106,176,150
82.185, 298.423, 33.924, 0, 1, , , 106,176,150
