##x,y,z,radius,shape,name,comment, color_r,color_g,color_b
359.606, 147.038, 46.025, 0, 1, , , 47,112,223
342.936, 140.803, 47.968, 0, 1, , , 47,112,223
345.633, 119.826, 37.935, 0, 1, , , 47,112,223
330.620, 128.308, 28.778, 0, 1, , , 47,112,223
358.839, 162.493, 39.487, 0, 1, , , 47,112,223
350.569, 167.434, 31.199, 0, 1, , , 47,112,223
348.354, 153.956, 21.124, 0, 1, , , 47,112,223
336.705, 146.615, 19.644, 0, 1, , , 47,112,223
223.587, 171.210, 45.206, 0, 1, , , 47,112,223
231.755, 177.309, 20.452, 0, 1, , , 47,112,223
184.934, 200.714, 60.054, 0, 1, , , 47,112,223
195.345, 195.773, 10.346, 0, 1, , , 47,112,223
246.526, 199.780, 14.937, 0, 1, , , 47,112,223
233.422, 216.847, 55.277, 0, 1, , , 47,112,223
239.874, 209.358, 15.482, 0, 1, , , 47,112,223
83.518, 208.465, 30.605, 0, 1, , , 47,112,223
67.304, 207.662, 27.110, 0, 1, , , 47,112,223
59.174, 213.324, 26.858, 0, 1, , , 47,112,223
