##x,y,z,radius,shape,name,comment, color_r,color_g,color_b
382.111, 181.154, 17.968, 0, 1, , , 228,112,0
372.651, 191.000, 18.607, 0, 1, , , 228,112,0
366.406, 205.509, 30.191, 0, 1, , , 228,112,0
379.468, 210.488, 33.162, 0, 1, , , 228,112,0
375.858, 164.420, 21.981, 0, 1, , , 228,112,0
372.324, 158.884, 35.151, 0, 1, , , 228,112,0
380.808, 176.951, 41.424, 0, 1, , , 228,112,0
371.288, 186.777, 40.351, 0, 1, , , 228,112,0
269.203, 173.424, 17.120, 0, 1, , , 228,112,0
275.369, 175.306, 41.936, 0, 1, , , 228,112,0
236.470, 162.683, 13.359, 0, 1, , , 228,112,0
238.367, 161.737, 46.473, 0, 1, , , 228,112,0
277.316, 147.276, 13.089, 0, 1, , , 228,112,0
283.294, 148.773, 42.083, 0, 1, , , 228,112,0
262.217, 129.995, 17.544, 0, 1, , , 228,112,0
265.935, 126.341, 38.093, 0, 1, , , 228,112,0
113.205, 177.676, 29.960, 0, 1, , , 228,112,0
89.534, 176.810, 30.704, 0, 1, , , 228,112,0
