##x,y,z,radius,shape,name,comment, color_r,color_g,color_b
353.941, 129.635, 45.934, 0, 1, , , 176,149,107
339.029, 119.984, 45.557, 0, 1, , , 176,149,107
342.241, 102.101, 34.769, 0, 1, , , 176,149,107
318.076, 112.698, 30.175, 0, 1, , , 176,149,107
358.097, 143.742, 37.821, 0, 1, , , 176,149,107
358.773, 143.100, 28.554, 0, 1, , , 176,149,107
354.475, 130.082, 21.534, 0, 1, , , 176,149,107
344.783, 119.389, 21.169, 0, 1, , , 176,149,107
241.701, 153.204, 43.020, 0, 1, , , 176,149,107
245.829, 155.624, 20.071, 0, 1, , , 176,149,107
205.147, 164.111, 54.145, 0, 1, , , 176,149,107
201.284, 170.168, 9.227, 0, 1, , , 176,149,107
246.253, 180.756, 51.032, 0, 1, , , 176,149,107
248.609, 185.733, 14.516, 0, 1, , , 176,149,107
237.271, 190.843, 52.016, 0, 1, , , 176,149,107
242.476, 198.348, 20.489, 0, 1, , , 176,149,107
111.148, 167.660, 30.851, 0, 1, , , 176,149,107
90.498, 171.437, 25.363, 0, 1, , , 176,149,107
80.159, 178.002, 26.268, 0, 1, , , 176,149,107
