##x,y,z,radius,shape,name,comment, color_r,color_g,color_b
219.079, 228.889, 15.520, 0, 1, , , 0,254,20
202.842, 218.795, 14.130, 0, 1, , , 0,254,20
211.230, 223.385, 20.334, 0, 1, , , 0,254,20
208.175, 190.043, 8.925, 0, 1, , , 0,254,20
207.307, 194.856, 24.951, 0, 1, , , 0,254,20
211.437, 202.769, 10.689, 0, 1, , , 0,254,20
220.617, 162.948, 15.701, 0, 1, , , 0,254,20
194.095, 202.574, 10.712, 0, 1, , , 0,254,20
188.760, 202.030, 21.923, 0, 1, , , 0,254,20
204.125, 164.527, 12.836, 0, 1, , , 0,254,20
202.807, 170.174, 20.478, 0, 1, , , 0,254,20
189.667, 162.715, 12.294, 0, 1, , , 0,254,20
185.760, 164.652, 20.328, 0, 1, , , 0,254,20
178.849, 158.083, 11.321, 0, 1, , , 0,254,20
192.780, 167.464, 10.893, 0, 1, , , 0,254,20
192.084, 175.591, 23.406, 0, 1, , , 0,254,20
183.388, 174.515, 9.639, 0, 1, , , 0,254,20
179.279, 179.808, 24.599, 0, 1, , , 0,254,20
187.053, 190.256, 9.733, 0, 1, , , 0,254,20
182.733, 196.847, 24.277, 0, 1, , , 0,254,20
151.475, 169.546, 4.690, 0, 1, , , 0,254,20
159.705, 214.440, 13.362, 0, 1, , , 0,254,20
165.840, 207.554, 17.736, 0, 1, , , 0,254,20
135.954, 131.961, 12.425, 0, 1, , , 0,254,20
166.006, 177.916, 8.054, 0, 1, , , 0,254,20
171.853, 212.679, 13.806, 0, 1, , , 0,254,20
184.837, 213.107, 17.640, 0, 1, , , 0,254,20
167.414, 191.152, 12.096, 0, 1, , , 0,254,20
167.497, 194.475, 20.552, 0, 1, , , 0,254,20
166.376, 162.235, 23.313, 0, 1, , , 0,254,20
126.289, 184.208, 9.735, 0, 1, , , 0,254,20
119.359, 188.476, 17.535, 0, 1, , , 0,254,20
76.170, 164.108, 13.521, 0, 1, , , 0,254,20
154.931, 156.594, 15.607, 0, 1, , , 0,254,20
257.931, 167.881, 12.387, 0, 1, , , 0,254,20
257.539, 173.565, 12.384, 0, 1, , , 0,254,20
262.986, 181.684, 12.706, 0, 1, , , 0,254,20
266.393, 185.285, 20.757, 0, 1, , , 0,254,20
265.065, 179.094, 21.818, 0, 1, , , 0,254,20
244.206, 192.950, 10.202, 0, 1, , , 0,254,20
241.062, 201.352, 5.634, 0, 1, , , 0,254,20
251.120, 205.737, 7.847, 0, 1, , , 0,254,20
255.435, 215.416, 9.948, 0, 1, , , 0,254,20
263.525, 211.308, 6.723, 0, 1, , , 0,254,20
243.322, 211.234, 25.922, 0, 1, , , 0,254,20
250.044, 211.582, 25.117, 0, 1, , , 0,254,20
255.619, 215.737, 22.691, 0, 1, , , 0,254,20
249.981, 221.059, 26.065, 0, 1, , , 0,254,20
246.774, 215.942, 7.686, 0, 1, , , 0,254,20
276.846, 237.765, 13.665, 0, 1, , , 0,254,20
259.834, 234.216, 18.838, 0, 1, , , 0,254,20
269.266, 227.290, 9.963, 0, 1, , , 0,254,20
270.364, 223.662, 5.457, 0, 1, , , 0,254,20
286.297, 239.241, 6.762, 0, 1, , , 0,254,20
301.276, 245.789, 13.140, 0, 1, , , 0,254,20
308.783, 238.544, 10.692, 0, 1, , , 0,254,20
322.029, 223.018, 9.286, 0, 1, , , 0,254,20
307.525, 247.485, 17.992, 0, 1, , , 0,254,20
312.253, 234.400, 24.309, 0, 1, , , 0,254,20
316.417, 250.242, 12.208, 0, 1, , , 0,254,20
296.245, 225.066, 7.955, 0, 1, , , 0,254,20
321.112, 248.459, 11.248, 0, 1, , , 0,254,20
445.442, 338.293, 14.001, 0, 1, , , 0,254,20
419.548, 319.478, 15.319, 0, 1, , , 0,254,20
176.591, 188.655, 23.923, 0, 1, , , 0,254,20
255.741, 190.963, 8.724, 0, 1, , , 0,254,20
254.930, 198.574, 10.386, 0, 1, , , 0,254,20
281.952, 217.912, 8.877, 0, 1, , , 0,254,20
283.484, 227.647, 6.525, 0, 1, , , 0,254,20
294.172, 211.084, 9.838, 0, 1, , , 0,254,20
302.550, 223.360, 9.421, 0, 1, , , 0,254,20
307.222, 212.698, 9.636, 0, 1, , , 0,254,20
253.189, 245.137, 17.029, 0, 1, , , 0,254,20
263.193, 243.490, 15.129, 0, 1, , , 0,254,20
266.805, 238.495, 12.319, 0, 1, , , 0,254,20
271.851, 252.022, 19.931, 0, 1, , , 0,254,20
275.167, 248.607, 13.964, 0, 1, , , 0,254,20
285.098, 257.905, 11.069, 0, 1, , , 0,254,20
291.667, 270.366, 11.977, 0, 1, , , 0,254,20
299.553, 276.973, 15.675, 0, 1, , , 0,254,20
307.746, 259.648, 18.935, 0, 1, , , 0,254,20
294.304, 258.646, 17.777, 0, 1, , , 0,254,20
265.967, 246.928, 16.728, 0, 1, , , 0,254,20
281.895, 262.269, 13.858, 0, 1, , , 0,254,20
331.317, 197.822, 15.513, 0, 1, , , 0,254,20
311.393, 200.058, 20.824, 0, 1, , , 0,254,20
284.194, 208.687, 23.951, 0, 1, , , 0,254,20
295.073, 223.692, 23.057, 0, 1, , , 0,254,20
327.406, 226.426, 23.228, 0, 1, , , 0,254,20
318.989, 240.122, 22.148, 0, 1, , , 0,254,20
312.002, 222.075, 9.346, 0, 1, , , 0,254,20
308.711, 217.356, 24.877, 0, 1, , , 0,254,20
276.040, 230.090, 17.340, 0, 1, , , 0,254,20
300.024, 235.788, 24.549, 0, 1, , , 0,254,20
289.098, 194.904, 11.380, 0, 1, , , 0,254,20
289.520, 204.118, 7.824, 0, 1, , , 0,254,20
318.369, 287.678, 14.949, 0, 1, , , 0,254,20
307.752, 282.590, 14.283, 0, 1, , , 0,254,20
307.417, 285.409, 17.884, 0, 1, , , 0,254,20
286.349, 248.936, 19.847, 0, 1, , , 0,254,20
245.006, 201.454, 24.236, 0, 1, , , 0,254,20
325.588, 260.208, 13.762, 0, 1, , , 0,254,20
339.982, 264.197, 11.274, 0, 1, , , 0,254,20
330.903, 267.397, 20.303, 0, 1, , , 0,254,20
331.439, 256.475, 20.125, 0, 1, , , 0,254,20
382.680, 211.693, 11.543, 0, 1, , , 0,254,20
354.166, 281.018, 9.845, 0, 1, , , 0,254,20
347.101, 292.440, 14.436, 0, 1, , , 0,254,20
359.055, 309.625, 16.208, 0, 1, , , 0,254,20
376.285, 290.885, 7.644, 0, 1, , , 0,254,20
365.389, 296.254, 13.751, 0, 1, , , 0,254,20
369.598, 297.578, 19.142, 0, 1, , , 0,254,20
379.728, 308.153, 16.733, 0, 1, , , 0,254,20
389.878, 311.117, 15.712, 0, 1, , , 0,254,20
404.336, 313.263, 14.361, 0, 1, , , 0,254,20
403.101, 326.227, 15.792, 0, 1, , , 0,254,20
410.851, 323.429, 13.787, 0, 1, , , 0,254,20
422.292, 329.668, 14.897, 0, 1, , , 0,254,20
427.375, 321.988, 16.867, 0, 1, , , 0,254,20
393.869, 316.240, 12.934, 0, 1, , , 0,254,20
434.214, 323.089, 14.976, 0, 1, , , 0,254,20
171.480, 184.292, 26.817, 0, 1, , , 0,254,20
256.484, 199.051, 24.904, 0, 1, , , 0,254,20
