##x,y,z,radius,shape,name,comment, color_r,color_g,color_b
127.762, 100.209, 19.870, 0, 1, , , 134,21,215
139.103, 90.179, 20.412, 0, 1, , , 134,21,215
152.369, 80.718, 34.886, 0, 1, , , 134,21,215
133.940, 77.616, 39.937, 0, 1, , , 134,21,215
135.010, 117.056, 24.736, 0, 1, , , 134,21,215
133.811, 121.287, 35.010, 0, 1, , , 134,21,215
126.163, 107.007, 42.673, 0, 1, , , 134,21,215
137.701, 101.181, 45.409, 0, 1, , , 134,21,215
250.466, 115.409, 21.571, 0, 1, , , 134,21,215
236.386, 124.472, 45.631, 0, 1, , , 134,21,215
298.220, 123.639, 11.729, 0, 1, , , 134,21,215
286.684, 136.619, 55.508, 0, 1, , , 134,21,215
243.537, 144.100, 13.845, 0, 1, , , 134,21,215
242.904, 148.887, 48.495, 0, 1, , , 134,21,215
255.317, 162.998, 15.708, 0, 1, , , 134,21,215
248.528, 163.977, 40.927, 0, 1, , , 134,21,215
389.608, 122.500, 36.979, 0, 1, , , 134,21,215
426.953, 125.103, 41.068, 0, 1, , , 134,21,215
438.274, 129.655, 37.660, 0, 1, , , 134,21,215
