##x,y,z,radius,shape,name,comment, color_r,color_g,color_b
326.694, 213.365, 18.276, 0, 1, , , 52,173,179
316.952, 195.147, 15.812, 0, 1, , , 52,173,179
318.345, 219.895, 26.546, 0, 1, , , 52,173,179
328.206, 223.216, 38.326, 0, 1, , , 52,173,179
333.085, 180.391, 26.231, 0, 1, , , 52,173,179
322.555, 175.567, 31.655, 0, 1, , , 52,173,179
338.428, 210.431, 43.919, 0, 1, , , 52,173,179
334.429, 193.935, 43.841, 0, 1, , , 52,173,179
244.117, 162.726, 22.986, 0, 1, , , 52,173,179
245.350, 159.025, 44.023, 0, 1, , , 52,173,179
237.499, 189.104, 21.336, 0, 1, , , 52,173,179
235.382, 182.889, 48.489, 0, 1, , , 52,173,179
209.118, 151.928, 21.093, 0, 1, , , 52,173,179
211.269, 167.078, 48.661, 0, 1, , , 52,173,179
219.089, 185.805, 21.814, 0, 1, , , 52,173,179
212.453, 195.321, 44.007, 0, 1, , , 52,173,179
96.733, 70.082, 31.553, 0, 1, , , 52,173,179
86.714, 60.606, 25.748, 0, 1, , , 52,173,179
