##x,y,z,radius,shape,name,comment, color_r,color_g,color_b
380.183, 176.824, 16.120, 0, 1, , , 162,158,115
371.372, 188.083, 14.366, 0, 1, , , 162,158,115
369.233, 159.437, 22.906, 0, 1, , , 162,158,115
368.785, 163.701, 36.621, 0, 1, , , 162,158,115
380.265, 180.523, 38.303, 0, 1, , , 162,158,115
372.862, 190.071, 39.926, 0, 1, , , 162,158,115
378.159, 211.282, 25.189, 0, 1, , , 162,158,115
364.969, 205.686, 29.219, 0, 1, , , 162,158,115
283.116, 146.921, 14.387, 0, 1, , , 162,158,115
277.133, 148.759, 43.472, 0, 1, , , 162,158,115
264.524, 127.566, 20.861, 0, 1, , , 162,158,115
264.514, 130.925, 40.566, 0, 1, , , 162,158,115
276.084, 173.919, 14.192, 0, 1, , , 162,158,115
268.562, 174.054, 39.661, 0, 1, , , 162,158,115
241.526, 143.901, 7.537, 0, 1, , , 162,158,115
236.336, 160.622, 11.527, 0, 1, , , 162,158,115
245.910, 146.625, 45.581, 0, 1, , , 162,158,115
237.286, 161.494, 43.984, 0, 1, , , 162,158,115
111.621, 176.715, 27.997, 0, 1, , , 162,158,115
89.051, 176.730, 26.007, 0, 1, , , 162,158,115
