##x,y,z,radius,shape,name,comment, color_r,color_g,color_b
162.174, 135.527, 31.180, 0, 1, , , 124,155,159
149.772, 130.907, 39.086, 0, 1, , , 124,155,159
167.353, 104.770, 18.074, 0, 1, , , 124,155,159
170.347, 120.226, 21.124, 0, 1, , , 124,155,159
182.875, 93.176, 27.410, 0, 1, , , 124,155,159
180.105, 88.650, 40.151, 0, 1, , , 124,155,159
163.071, 99.738, 46.651, 0, 1, , , 124,155,159
165.680, 115.188, 47.226, 0, 1, , , 124,155,159
265.532, 157.376, 23.876, 0, 1, , , 124,155,159
269.429, 160.883, 43.257, 0, 1, , , 124,155,159
302.693, 168.273, 15.224, 0, 1, , , 124,155,159
302.419, 168.151, 51.678, 0, 1, , , 124,155,159
275.588, 127.759, 18.763, 0, 1, , , 124,155,159
271.353, 122.069, 47.750, 0, 1, , , 124,155,159
295.624, 118.846, 20.208, 0, 1, , , 124,155,159
295.110, 113.635, 44.285, 0, 1, , , 124,155,159
404.303, 233.508, 30.426, 0, 1, , , 124,155,159
417.491, 243.582, 28.613, 0, 1, , , 124,155,159
430.924, 247.231, 29.705, 0, 1, , , 124,155,159
