##x,y,z,radius,shape,name,comment, color_r,color_g,color_b
372.427, 193.127, 17.601, 0, 1, , , 159,66,187
362.179, 200.399, 17.531, 0, 1, , , 159,66,187
334.851, 212.777, 28.205, 0, 1, , , 159,66,187
347.745, 216.878, 34.563, 0, 1, , , 159,66,187
367.873, 177.432, 25.610, 0, 1, , , 159,66,187
382.399, 179.362, 34.009, 0, 1, , , 159,66,187
378.304, 191.747, 42.909, 0, 1, , , 159,66,187
367.993, 202.997, 44.252, 0, 1, , , 159,66,187
251.027, 177.005, 23.095, 0, 1, , , 159,66,187
274.562, 174.751, 44.871, 0, 1, , , 159,66,187
217.867, 148.741, 7.955, 0, 1, , , 159,66,187
226.221, 164.419, 48.253, 0, 1, , , 159,66,187
256.790, 147.063, 14.784, 0, 1, , , 159,66,187
263.641, 150.691, 48.958, 0, 1, , , 159,66,187
247.509, 130.523, 14.529, 0, 1, , , 159,66,187
261.083, 131.680, 36.474, 0, 1, , , 159,66,187
118.159, 171.613, 31.577, 0, 1, , , 159,66,187
101.819, 177.690, 36.743, 0, 1, , , 159,66,187
75.106, 164.822, 31.439, 0, 1, , , 159,66,187
