##x,y,z,radius,shape,name,comment, color_r,color_g,color_b
166.157, 146.112, 10.863, 0, 1, , , 75,231,74
168.523, 150.125, 25.342, 0, 1, , , 75,231,74
186.742, 194.383, 13.563, 0, 1, , , 75,231,74
178.743, 117.066, 16.282, 0, 1, , , 75,231,74
169.879, 179.423, 13.341, 0, 1, , , 75,231,74
167.370, 178.433, 19.815, 0, 1, , , 75,231,74
164.300, 123.547, 12.869, 0, 1, , , 75,231,74
168.101, 122.966, 20.950, 0, 1, , , 75,231,74
150.168, 123.056, 12.440, 0, 1, , , 75,231,74
151.614, 123.918, 19.488, 0, 1, , , 75,231,74
152.973, 159.376, 11.486, 0, 1, , , 75,231,74
151.301, 160.343, 21.834, 0, 1, , , 75,231,74
153.623, 175.424, 15.407, 0, 1, , , 75,231,74
133.243, 163.849, 12.781, 0, 1, , , 75,231,74
139.417, 129.764, 11.085, 0, 1, , , 75,231,74
138.348, 131.971, 23.755, 0, 1, , , 75,231,74
131.796, 115.550, 12.352, 0, 1, , , 75,231,74
132.763, 111.975, 22.154, 0, 1, , , 75,231,74
114.399, 163.603, 11.750, 0, 1, , , 75,231,74
128.241, 165.459, 21.165, 0, 1, , , 75,231,74
141.415, 152.661, 11.378, 0, 1, , , 75,231,74
154.818, 128.790, 11.168, 0, 1, , , 75,231,74
156.632, 130.005, 23.774, 0, 1, , , 75,231,74
79.526, 137.111, 12.138, 0, 1, , , 75,231,74
84.674, 140.492, 20.675, 0, 1, , , 75,231,74
102.028, 116.057, 16.589, 0, 1, , , 75,231,74
36.871, 108.917, 14.884, 0, 1, , , 75,231,74
41.024, 112.376, 19.761, 0, 1, , , 75,231,74
131.645, 140.047, 11.961, 0, 1, , , 75,231,74
219.877, 129.810, 16.807, 0, 1, , , 75,231,74
224.785, 137.761, 11.873, 0, 1, , , 75,231,74
211.754, 136.972, 14.271, 0, 1, , , 75,231,74
219.898, 139.598, 19.247, 0, 1, , , 75,231,74
201.417, 148.619, 11.110, 0, 1, , , 75,231,74
201.525, 154.561, 24.127, 0, 1, , , 75,231,74
200.451, 161.681, 7.763, 0, 1, , , 75,231,74
208.943, 166.766, 8.460, 0, 1, , , 75,231,74
211.817, 177.680, 11.143, 0, 1, , , 75,231,74
201.162, 169.943, 25.713, 0, 1, , , 75,231,74
209.365, 168.984, 25.083, 0, 1, , , 75,231,74
215.933, 175.818, 22.501, 0, 1, , , 75,231,74
226.563, 190.733, 12.468, 0, 1, , , 75,231,74
243.282, 193.756, 8.086, 0, 1, , , 75,231,74
216.634, 162.653, 11.195, 0, 1, , , 75,231,74
247.815, 194.814, 11.693, 0, 1, , , 75,231,74
255.195, 183.045, 11.097, 0, 1, , , 75,231,74
255.142, 199.876, 20.986, 0, 1, , , 75,231,74
259.324, 191.677, 24.374, 0, 1, , , 75,231,74
234.585, 158.044, 8.844, 0, 1, , , 75,231,74
236.560, 166.940, 11.068, 0, 1, , , 75,231,74
228.833, 180.942, 7.408, 0, 1, , , 75,231,74
247.134, 178.516, 8.720, 0, 1, , , 75,231,74
231.599, 191.413, 20.739, 0, 1, , , 75,231,74
226.726, 203.582, 11.874, 0, 1, , , 75,231,74
228.109, 208.249, 20.752, 0, 1, , , 75,231,74
264.081, 199.559, 23.862, 0, 1, , , 75,231,74
270.564, 172.527, 10.597, 0, 1, , , 75,231,74
269.059, 178.734, 24.045, 0, 1, , , 75,231,74
271.081, 204.861, 11.198, 0, 1, , , 75,231,74
289.478, 230.691, 24.584, 0, 1, , , 75,231,74
388.977, 296.888, 16.179, 0, 1, , , 75,231,74
398.696, 301.204, 13.235, 0, 1, , , 75,231,74
418.408, 307.679, 13.678, 0, 1, , , 75,231,74
143.306, 118.424, 11.415, 0, 1, , , 75,231,74
153.470, 149.082, 24.589, 0, 1, , , 75,231,74
138.296, 144.235, 23.806, 0, 1, , , 75,231,74
141.085, 156.428, 22.641, 0, 1, , , 75,231,74
120.429, 143.026, 11.988, 0, 1, , , 75,231,74
117.181, 145.980, 20.639, 0, 1, , , 75,231,74
217.309, 193.683, 18.935, 0, 1, , , 75,231,74
205.598, 206.770, 15.637, 0, 1, , , 75,231,74
224.951, 220.789, 15.403, 0, 1, , , 75,231,74
241.210, 214.539, 20.755, 0, 1, , , 75,231,74
246.615, 211.267, 11.310, 0, 1, , , 75,231,74
243.044, 212.465, 13.833, 0, 1, , , 75,231,74
263.516, 223.855, 21.301, 0, 1, , , 75,231,74
265.988, 231.451, 12.768, 0, 1, , , 75,231,74
276.470, 216.864, 11.172, 0, 1, , , 75,231,74
247.140, 203.374, 22.990, 0, 1, , , 75,231,74
272.667, 153.186, 15.349, 0, 1, , , 75,231,74
212.920, 154.260, 20.206, 0, 1, , , 75,231,74
256.132, 152.865, 23.277, 0, 1, , , 75,231,74
253.568, 210.637, 15.949, 0, 1, , , 75,231,74
256.622, 217.533, 12.111, 0, 1, , , 75,231,74
245.876, 153.620, 14.007, 0, 1, , , 75,231,74
257.523, 164.885, 9.657, 0, 1, , , 75,231,74
248.926, 161.210, 24.490, 0, 1, , , 75,231,74
237.694, 167.237, 24.619, 0, 1, , , 75,231,74
283.829, 254.409, 17.345, 0, 1, , , 75,231,74
303.397, 241.694, 23.930, 0, 1, , , 75,231,74
322.472, 176.171, 11.223, 0, 1, , , 75,231,74
300.641, 247.759, 18.650, 0, 1, , , 75,231,74
313.349, 253.534, 20.676, 0, 1, , , 75,231,74
318.005, 271.102, 17.162, 0, 1, , , 75,231,74
322.268, 258.199, 13.268, 0, 1, , , 75,231,74
320.363, 244.230, 8.313, 0, 1, , , 75,231,74
346.548, 271.105, 16.326, 0, 1, , , 75,231,74
350.401, 281.553, 14.294, 0, 1, , , 75,231,74
358.335, 276.161, 15.415, 0, 1, , , 75,231,74
358.244, 257.310, 8.159, 0, 1, , , 75,231,74
366.824, 287.083, 15.601, 0, 1, , , 75,231,74
374.682, 283.327, 14.879, 0, 1, , , 75,231,74
380.360, 292.402, 13.421, 0, 1, , , 75,231,74
395.094, 292.245, 14.125, 0, 1, , , 75,231,74
385.281, 285.497, 16.708, 0, 1, , , 75,231,74
406.331, 297.784, 14.708, 0, 1, , , 75,231,74
338.782, 269.680, 18.690, 0, 1, , , 75,231,74
286.334, 216.561, 9.877, 0, 1, , , 75,231,74
272.540, 233.741, 20.260, 0, 1, , , 75,231,74
260.418, 170.333, 26.127, 0, 1, , , 75,231,74
213.301, 145.978, 11.619, 0, 1, , , 75,231,74
250.451, 183.249, 25.701, 0, 1, , , 75,231,74
233.718, 142.960, 16.081, 0, 1, , , 75,231,74
