##x,y,z,radius,shape,name,comment, color_r,color_g,color_b
119.573, 213.796, 49.923, 0, 1, , , 168,151,116
133.940, 223.441, 48.543, 0, 1, , , 168,151,116
156.730, 226.201, 34.508, 0, 1, , , 168,151,116
124.634, 236.144, 24.486, 0, 1, , , 168,151,116
126.462, 193.201, 44.012, 0, 1, , , 168,151,116
121.575, 194.361, 31.312, 0, 1, , , 168,151,116
115.335, 211.834, 24.586, 0, 1, , , 168,151,116
123.132, 220.990, 24.339, 0, 1, , , 168,151,116
238.040, 181.181, 45.526, 0, 1, , , 168,151,116
226.007, 183.154, 21.351, 0, 1, , , 168,151,116
277.860, 164.044, 56.049, 0, 1, , , 168,151,116
264.892, 168.837, 11.934, 0, 1, , , 168,151,116
237.225, 157.160, 54.122, 0, 1, , , 168,151,116
219.563, 156.093, 15.813, 0, 1, , , 168,151,116
244.977, 128.721, 52.046, 0, 1, , , 168,151,116
226.409, 142.207, 19.738, 0, 1, , , 168,151,116
403.332, 148.702, 28.871, 0, 1, , , 168,151,116
420.111, 146.414, 26.022, 0, 1, , , 168,151,116
435.756, 141.171, 29.876, 0, 1, , , 168,151,116
