##x,y,z,radius,shape,name,comment, color_r,color_g,color_b
299.850, 108.842, 11.898, 0, 1, , , 213,46,130
295.833, 113.884, 9.029, 0, 1, , , 213,46,130
296.206, 121.969, 10.579, 0, 1, , , 213,46,130
298.314, 118.039, 17.631, 0, 1, , , 213,46,130
272.219, 152.103, 4.366, 0, 1, , , 213,46,130
280.215, 156.351, 7.460, 0, 1, , , 213,46,130
286.394, 160.664, 9.588, 0, 1, , , 213,46,130
284.429, 165.954, 8.709, 0, 1, , , 213,46,130
292.598, 190.095, 12.439, 0, 1, , , 213,46,130
292.730, 154.053, 6.281, 0, 1, , , 213,46,130
239.736, 166.727, 13.131, 0, 1, , , 213,46,130
226.538, 154.571, 15.047, 0, 1, , , 213,46,130
235.926, 154.109, 18.346, 0, 1, , , 213,46,130
223.435, 143.035, 10.167, 0, 1, , , 213,46,130
219.348, 130.124, 22.427, 0, 1, , , 213,46,130
239.242, 136.924, 8.117, 0, 1, , , 213,46,130
233.632, 142.517, 7.154, 0, 1, , , 213,46,130
203.030, 123.229, 5.906, 0, 1, , , 213,46,130
190.745, 86.900, 9.613, 0, 1, , , 213,46,130
176.969, 141.556, 12.335, 0, 1, , , 213,46,130
174.540, 82.073, 13.985, 0, 1, , , 213,46,130
239.321, 107.000, 11.710, 0, 1, , , 213,46,130
239.447, 104.526, 18.229, 0, 1, , , 213,46,130
203.229, 113.244, 8.387, 0, 1, , , 213,46,130
206.367, 135.537, 10.481, 0, 1, , , 213,46,130
222.837, 109.715, 10.963, 0, 1, , , 213,46,130
208.626, 99.984, 10.972, 0, 1, , , 213,46,130
210.711, 140.540, 11.957, 0, 1, , , 213,46,130
292.481, 174.004, 19.813, 0, 1, , , 213,46,130
222.715, 100.073, 11.811, 0, 1, , , 213,46,130
219.796, 98.494, 17.991, 0, 1, , , 213,46,130
205.758, 139.707, 19.928, 0, 1, , , 213,46,130
303.512, 171.410, 9.610, 0, 1, , , 213,46,130
318.344, 181.422, 5.297, 0, 1, , , 213,46,130
312.208, 168.580, 6.198, 0, 1, , , 213,46,130
328.170, 177.806, 10.097, 0, 1, , , 213,46,130
340.699, 176.066, 7.920, 0, 1, , , 213,46,130
344.875, 184.662, 9.931, 0, 1, , , 213,46,130
338.513, 189.992, 11.107, 0, 1, , , 213,46,130
327.585, 186.776, 16.450, 0, 1, , , 213,46,130
349.734, 170.671, 7.416, 0, 1, , , 213,46,130
326.238, 168.589, 6.207, 0, 1, , , 213,46,130
309.661, 154.624, 5.511, 0, 1, , , 213,46,130
313.699, 149.376, 7.562, 0, 1, , , 213,46,130
297.559, 167.420, 5.765, 0, 1, , , 213,46,130
406.222, 152.111, 10.129, 0, 1, , , 213,46,130
275.836, 140.718, 8.482, 0, 1, , , 213,46,130
286.570, 138.039, 6.380, 0, 1, , , 213,46,130
93.967, 79.242, 20.554, 0, 1, , , 213,46,130
99.016, 88.235, 13.236, 0, 1, , , 213,46,130
138.707, 114.026, 9.621, 0, 1, , , 213,46,130
185.193, 125.039, 11.869, 0, 1, , , 213,46,130
187.161, 121.155, 20.880, 0, 1, , , 213,46,130
211.480, 106.820, 21.913, 0, 1, , , 213,46,130
147.235, 107.617, 19.249, 0, 1, , , 213,46,130
151.838, 121.964, 16.913, 0, 1, , , 213,46,130
241.929, 125.565, 23.149, 0, 1, , , 213,46,130
261.803, 178.329, 16.523, 0, 1, , , 213,46,130
285.826, 144.397, 24.446, 0, 1, , , 213,46,130
285.710, 148.606, 23.148, 0, 1, , , 213,46,130
276.091, 142.569, 25.657, 0, 1, , , 213,46,130
293.604, 130.754, 23.806, 0, 1, , , 213,46,130
329.487, 153.232, 9.604, 0, 1, , , 213,46,130
328.644, 144.106, 21.538, 0, 1, , , 213,46,130
333.999, 129.089, 16.602, 0, 1, , , 213,46,130
322.605, 132.380, 16.024, 0, 1, , , 213,46,130
348.015, 141.848, 11.220, 0, 1, , , 213,46,130
348.108, 135.466, 18.572, 0, 1, , , 213,46,130
356.323, 156.564, 24.122, 0, 1, , , 213,46,130
345.371, 154.210, 24.633, 0, 1, , , 213,46,130
342.376, 168.986, 23.225, 0, 1, , , 213,46,130
348.409, 187.257, 20.872, 0, 1, , , 213,46,130
330.171, 176.427, 20.981, 0, 1, , , 213,46,130
340.215, 143.587, 22.054, 0, 1, , , 213,46,130
317.517, 150.551, 22.765, 0, 1, , , 213,46,130
343.605, 150.744, 7.900, 0, 1, , , 213,46,130
312.599, 182.229, 14.613, 0, 1, , , 213,46,130
308.434, 201.774, 14.615, 0, 1, , , 213,46,130
312.430, 196.165, 17.881, 0, 1, , , 213,46,130
325.145, 198.931, 20.903, 0, 1, , , 213,46,130
328.780, 199.740, 12.160, 0, 1, , , 213,46,130
339.622, 206.251, 20.243, 0, 1, , , 213,46,130
343.354, 209.489, 11.819, 0, 1, , , 213,46,130
294.066, 112.830, 19.743, 0, 1, , , 213,46,130
362.760, 201.923, 21.950, 0, 1, , , 213,46,130
365.202, 237.979, 18.484, 0, 1, , , 213,46,130
370.494, 211.939, 11.258, 0, 1, , , 213,46,130
384.052, 223.008, 10.316, 0, 1, , , 213,46,130
387.867, 236.410, 14.921, 0, 1, , , 213,46,130
403.470, 244.129, 12.767, 0, 1, , , 213,46,130
417.349, 239.416, 8.858, 0, 1, , , 213,46,130
406.515, 226.331, 25.378, 0, 1, , , 213,46,130
431.468, 256.322, 15.204, 0, 1, , , 213,46,130
414.042, 243.090, 22.077, 0, 1, , , 213,46,130
428.430, 240.726, 22.568, 0, 1, , , 213,46,130
439.240, 238.678, 11.876, 0, 1, , , 213,46,130
439.748, 230.228, 23.854, 0, 1, , , 213,46,130
442.089, 256.867, 17.084, 0, 1, , , 213,46,130
450.186, 267.610, 14.784, 0, 1, , , 213,46,130
456.800, 259.935, 15.921, 0, 1, , , 213,46,130
460.282, 271.903, 17.112, 0, 1, , , 213,46,130
468.615, 264.242, 16.188, 0, 1, , , 213,46,130
474.594, 270.678, 16.267, 0, 1, , , 213,46,130
473.356, 280.182, 16.088, 0, 1, , , 213,46,130
480.359, 283.200, 14.759, 0, 1, , , 213,46,130
490.017, 280.505, 15.513, 0, 1, , , 213,46,130
352.374, 219.045, 13.549, 0, 1, , , 213,46,130
398.259, 250.595, 15.746, 0, 1, , , 213,46,130
410.173, 257.338, 17.757, 0, 1, , , 213,46,130
408.126, 252.658, 16.553, 0, 1, , , 213,46,130
421.790, 253.121, 17.216, 0, 1, , , 213,46,130
285.429, 175.829, 14.226, 0, 1, , , 213,46,130
296.183, 184.244, 17.607, 0, 1, , , 213,46,130
304.084, 189.532, 15.140, 0, 1, , , 213,46,130
343.005, 160.423, 8.898, 0, 1, , , 213,46,130
315.009, 137.454, 20.309, 0, 1, , , 213,46,130
282.274, 131.612, 22.772, 0, 1, , , 213,46,130
189.625, 86.639, 21.410, 0, 1, , , 213,46,130
198.426, 138.246, 20.048, 0, 1, , , 213,46,130
212.984, 113.756, 25.125, 0, 1, , , 213,46,130
251.761, 102.736, 14.100, 0, 1, , , 213,46,130
