##x,y,z,radius,shape,name,comment, color_r,color_g,color_b
142.667, 188.408, 47.494, 0, 1, , , 137,189,101
150.844, 198.574, 45.945, 0, 1, , , 137,189,101
155.917, 213.035, 31.875, 0, 1, , , 137,189,101
176.718, 204.783, 35.349, 0, 1, , , 137,189,101
148.282, 170.578, 41.421, 0, 1, , , 137,189,101
138.740, 173.920, 30.155, 0, 1, , , 137,189,101
135.192, 188.453, 23.757, 0, 1, , , 137,189,101
145.920, 197.520, 23.367, 0, 1, , , 137,189,101
253.085, 166.314, 47.313, 0, 1, , , 137,189,101
240.205, 171.144, 21.954, 0, 1, , , 137,189,101
279.347, 149.448, 52.679, 0, 1, , , 137,189,101
275.930, 153.972, 18.087, 0, 1, , , 137,189,101
244.616, 142.490, 48.566, 0, 1, , , 137,189,101
229.230, 147.442, 23.589, 0, 1, , , 137,189,101
259.396, 113.370, 38.686, 0, 1, , , 137,189,101
244.535, 134.419, 26.790, 0, 1, , , 137,189,101
403.930, 152.417, 30.082, 0, 1, , , 137,189,101
435.877, 147.059, 32.185, 0, 1, , , 137,189,101
