##x,y,z,radius,shape,name,comment, color_r,color_g,color_b
352.797, 95.934, 21.830, 0, 1, , , 151,89,184
345.814, 110.906, 20.572, 0, 1, , , 151,89,184
335.945, 137.863, 28.218, 0, 1, , , 151,89,184
358.377, 130.084, 30.333, 0, 1, , , 151,89,184
332.321, 93.108, 29.911, 0, 1, , , 151,89,184
336.612, 92.304, 39.978, 0, 1, , , 151,89,184
355.330, 98.701, 44.800, 0, 1, , , 151,89,184
352.929, 116.678, 44.410, 0, 1, , , 151,89,184
251.366, 170.610, 24.336, 0, 1, , , 151,89,184
265.576, 161.248, 43.269, 0, 1, , , 151,89,184
218.448, 181.459, 11.817, 0, 1, , , 151,89,184
230.387, 182.567, 46.269, 0, 1, , , 151,89,184
239.212, 145.919, 15.694, 0, 1, , , 151,89,184
248.348, 141.396, 46.844, 0, 1, , , 151,89,184
217.854, 138.735, 20.231, 0, 1, , , 151,89,184
220.431, 136.606, 43.566, 0, 1, , , 151,89,184
139.278, 267.453, 29.827, 0, 1, , , 151,89,184
131.796, 279.175, 34.076, 0, 1, , , 151,89,184
116.225, 285.948, 31.723, 0, 1, , , 151,89,184
