##x,y,z,radius,shape,name,comment, color_r,color_g,color_b
18.358, 89.416, 19.887, 0, 1, , , 207,61,133
24.708, 74.240, 16.325, 0, 1, , , 207,61,133
71.887, 122.393, 11.673, 0, 1, , , 207,61,133
85.486, 149.497, 14.512, 0, 1, , , 207,61,133
96.768, 125.044, 22.460, 0, 1, , , 207,61,133
104.540, 95.856, 17.460, 0, 1, , , 207,61,133
96.307, 117.598, 8.451, 0, 1, , , 207,61,133
115.248, 122.291, 11.791, 0, 1, , , 207,61,133
110.266, 150.323, 20.077, 0, 1, , , 207,61,133
119.560, 149.808, 13.973, 0, 1, , , 207,61,133
120.538, 131.409, 10.588, 0, 1, , , 207,61,133
120.355, 110.833, 10.519, 0, 1, , , 207,61,133
125.613, 101.535, 10.166, 0, 1, , , 207,61,133
138.431, 105.611, 16.074, 0, 1, , , 207,61,133
137.577, 126.205, 10.476, 0, 1, , , 207,61,133
137.763, 138.960, 10.470, 0, 1, , , 207,61,133
137.160, 142.093, 22.799, 0, 1, , , 207,61,133
133.807, 162.229, 12.569, 0, 1, , , 207,61,133
124.640, 155.164, 16.989, 0, 1, , , 207,61,133
147.313, 161.685, 10.512, 0, 1, , , 207,61,133
149.863, 121.906, 11.057, 0, 1, , , 207,61,133
167.240, 132.622, 22.475, 0, 1, , , 207,61,133
167.049, 118.689, 19.111, 0, 1, , , 207,61,133
154.474, 112.129, 15.224, 0, 1, , , 207,61,133
119.589, 112.893, 23.699, 0, 1, , , 207,61,133
123.390, 101.082, 20.246, 0, 1, , , 207,61,133
126.922, 145.948, 21.797, 0, 1, , , 207,61,133
164.699, 179.037, 22.885, 0, 1, , , 207,61,133
182.144, 179.054, 13.342, 0, 1, , , 207,61,133
194.732, 167.755, 9.610, 0, 1, , , 207,61,133
194.208, 182.683, 10.790, 0, 1, , , 207,61,133
194.631, 120.761, 9.100, 0, 1, , , 207,61,133
209.088, 123.255, 10.809, 0, 1, , , 207,61,133
188.453, 136.478, 10.088, 0, 1, , , 207,61,133
200.679, 132.720, 11.869, 0, 1, , , 207,61,133
199.723, 138.147, 8.076, 0, 1, , , 207,61,133
224.160, 144.426, 9.574, 0, 1, , , 207,61,133
224.595, 136.603, 8.055, 0, 1, , , 207,61,133
236.088, 144.218, 7.095, 0, 1, , , 207,61,133
241.352, 138.729, 18.275, 0, 1, , , 207,61,133
217.872, 138.063, 18.078, 0, 1, , , 207,61,133
245.669, 160.950, 9.421, 0, 1, , , 207,61,133
244.390, 148.924, 14.519, 0, 1, , , 207,61,133
252.507, 152.147, 12.474, 0, 1, , , 207,61,133
258.743, 155.900, 10.550, 0, 1, , , 207,61,133
258.539, 137.561, 12.776, 0, 1, , , 207,61,133
249.597, 144.415, 10.499, 0, 1, , , 207,61,133
235.254, 136.166, 9.643, 0, 1, , , 207,61,133
222.805, 160.480, 23.420, 0, 1, , , 207,61,133
229.063, 196.941, 21.490, 0, 1, , , 207,61,133
235.034, 205.933, 20.407, 0, 1, , , 207,61,133
217.689, 210.279, 20.790, 0, 1, , , 207,61,133
205.286, 194.721, 15.777, 0, 1, , , 207,61,133
207.927, 196.312, 19.372, 0, 1, , , 207,61,133
192.524, 194.555, 21.877, 0, 1, , , 207,61,133
199.350, 186.108, 19.873, 0, 1, , , 207,61,133
190.395, 168.172, 21.725, 0, 1, , , 207,61,133
197.842, 160.796, 8.194, 0, 1, , , 207,61,133
182.268, 191.477, 14.475, 0, 1, , , 207,61,133
177.652, 178.851, 23.473, 0, 1, , , 207,61,133
216.791, 153.738, 21.958, 0, 1, , , 207,61,133
255.084, 182.065, 24.310, 0, 1, , , 207,61,133
269.986, 231.766, 15.043, 0, 1, , , 207,61,133
280.651, 216.568, 28.495, 0, 1, , , 207,61,133
309.709, 223.410, 29.120, 0, 1, , , 207,61,133
287.968, 190.802, 7.463, 0, 1, , , 207,61,133
325.133, 185.776, 27.930, 0, 1, , , 207,61,133
346.109, 170.382, 23.271, 0, 1, , , 207,61,133
324.195, 153.253, 16.646, 0, 1, , , 207,61,133
447.004, 206.317, 24.472, 0, 1, , , 207,61,133
463.954, 215.840, 24.886, 0, 1, , , 207,61,133
478.561, 214.205, 24.308, 0, 1, , , 207,61,133
417.880, 190.390, 24.308, 0, 1, , , 207,61,133
428.002, 187.819, 26.014, 0, 1, , , 207,61,133
56.747, 113.188, 21.905, 0, 1, , , 207,61,133
72.432, 78.663, 14.252, 0, 1, , , 207,61,133
94.950, 153.872, 19.686, 0, 1, , , 207,61,133
210.226, 131.691, 13.651, 0, 1, , , 207,61,133
270.796, 153.608, 13.570, 0, 1, , , 207,61,133
210.528, 210.126, 18.176, 0, 1, , , 207,61,133
271.667, 218.430, 27.794, 0, 1, , , 207,61,133
314.435, 234.875, 28.012, 0, 1, , , 207,61,133
420.143, 204.019, 14.890, 0, 1, , , 207,61,133
326.337, 205.692, 4.766, 0, 1, , , 207,61,133
373.450, 171.497, 17.660, 0, 1, , , 207,61,133
275.483, 175.134, 27.951, 0, 1, , , 207,61,133
