##x,y,z,radius,shape,name,comment, color_r,color_g,color_b
63.032, 109.515, 13.506, 0, 1, , , 163,170,96
66.451, 85.311, 17.072, 0, 1, , , 163,170,96
108.358, 133.885, 9.130, 0, 1, , , 163,170,96
125.350, 94.763, 14.460, 0, 1, , , 163,170,96
126.728, 140.430, 20.267, 0, 1, , , 163,170,96
120.803, 166.745, 19.271, 0, 1, , , 163,170,96
139.174, 160.665, 10.543, 0, 1, , , 163,170,96
138.012, 148.001, 9.454, 0, 1, , , 163,170,96
149.893, 142.219, 11.516, 0, 1, , , 163,170,96
155.484, 128.282, 10.332, 0, 1, , , 163,170,96
162.601, 133.229, 8.984, 0, 1, , , 163,170,96
151.066, 128.724, 24.319, 0, 1, , , 163,170,96
158.220, 115.391, 16.220, 0, 1, , , 163,170,96
168.467, 121.268, 22.216, 0, 1, , , 163,170,96
167.561, 102.948, 15.207, 0, 1, , , 163,170,96
162.612, 107.173, 21.843, 0, 1, , , 163,170,96
178.900, 136.827, 9.462, 0, 1, , , 163,170,96
168.796, 143.879, 22.382, 0, 1, , , 163,170,96
163.974, 156.566, 11.440, 0, 1, , , 163,170,96
166.517, 167.108, 18.012, 0, 1, , , 163,170,96
156.195, 164.742, 13.803, 0, 1, , , 163,170,96
179.610, 156.322, 11.002, 0, 1, , , 163,170,96
179.436, 176.421, 18.502, 0, 1, , , 163,170,96
192.331, 176.618, 12.505, 0, 1, , , 163,170,96
194.052, 157.893, 9.449, 0, 1, , , 163,170,96
206.992, 148.681, 9.500, 0, 1, , , 163,170,96
214.143, 156.372, 9.324, 0, 1, , , 163,170,96
213.757, 132.072, 13.307, 0, 1, , , 163,170,96
183.049, 149.247, 22.782, 0, 1, , , 163,170,96
183.944, 135.274, 23.710, 0, 1, , , 163,170,96
180.748, 116.179, 19.895, 0, 1, , , 163,170,96
197.360, 174.048, 12.409, 0, 1, , , 163,170,96
204.682, 130.643, 22.550, 0, 1, , , 163,170,96
210.067, 129.590, 13.539, 0, 1, , , 163,170,96
188.029, 124.120, 19.175, 0, 1, , , 163,170,96
151.521, 159.815, 14.124, 0, 1, , , 163,170,96
228.775, 199.252, 9.294, 0, 1, , , 163,170,96
239.051, 193.869, 11.213, 0, 1, , , 163,170,96
249.103, 188.053, 11.147, 0, 1, , , 163,170,96
239.025, 201.584, 20.518, 0, 1, , , 163,170,96
241.507, 211.613, 19.751, 0, 1, , , 163,170,96
252.809, 202.648, 10.733, 0, 1, , , 163,170,96
227.245, 191.072, 14.606, 0, 1, , , 163,170,96
243.763, 180.657, 23.690, 0, 1, , , 163,170,96
252.389, 178.798, 25.429, 0, 1, , , 163,170,96
265.186, 175.610, 9.540, 0, 1, , , 163,170,96
287.149, 180.724, 10.351, 0, 1, , , 163,170,96
274.791, 198.603, 9.847, 0, 1, , , 163,170,96
265.017, 219.156, 12.920, 0, 1, , , 163,170,96
246.629, 134.930, 23.206, 0, 1, , , 163,170,96
246.001, 143.420, 22.668, 0, 1, , , 163,170,96
235.784, 148.804, 22.684, 0, 1, , , 163,170,96
258.446, 139.937, 23.555, 0, 1, , , 163,170,96
255.854, 149.414, 19.104, 0, 1, , , 163,170,96
268.779, 152.937, 15.593, 0, 1, , , 163,170,96
267.440, 160.664, 12.381, 0, 1, , , 163,170,96
277.838, 161.631, 13.113, 0, 1, , , 163,170,96
284.435, 152.072, 12.962, 0, 1, , , 163,170,96
294.248, 140.021, 22.314, 0, 1, , , 163,170,96
267.536, 146.022, 21.258, 0, 1, , , 163,170,96
280.765, 172.344, 10.041, 0, 1, , , 163,170,96
302.097, 154.311, 15.192, 0, 1, , , 163,170,96
307.769, 156.696, 19.766, 0, 1, , , 163,170,96
317.642, 147.959, 14.833, 0, 1, , , 163,170,96
312.298, 171.900, 9.214, 0, 1, , , 163,170,96
307.248, 184.529, 9.489, 0, 1, , , 163,170,96
318.594, 189.171, 8.509, 0, 1, , , 163,170,96
306.180, 210.211, 6.538, 0, 1, , , 163,170,96
317.358, 217.230, 7.365, 0, 1, , , 163,170,96
291.800, 218.263, 11.248, 0, 1, , , 163,170,96
301.251, 232.150, 10.684, 0, 1, , , 163,170,96
294.980, 237.450, 12.182, 0, 1, , , 163,170,96
296.467, 225.623, 4.132, 0, 1, , , 163,170,96
277.246, 225.779, 13.063, 0, 1, , , 163,170,96
264.523, 215.257, 18.025, 0, 1, , , 163,170,96
270.941, 209.323, 12.163, 0, 1, , , 163,170,96
275.912, 213.748, 9.655, 0, 1, , , 163,170,96
287.067, 167.780, 22.664, 0, 1, , , 163,170,96
247.151, 192.728, 9.682, 0, 1, , , 163,170,96
290.374, 228.805, 11.920, 0, 1, , , 163,170,96
331.610, 187.667, 6.294, 0, 1, , , 163,170,96
306.661, 169.596, 21.943, 0, 1, , , 163,170,96
321.169, 158.721, 22.960, 0, 1, , , 163,170,96
331.656, 222.946, 4.990, 0, 1, , , 163,170,96
334.102, 154.460, 14.024, 0, 1, , , 163,170,96
326.097, 164.740, 9.941, 0, 1, , , 163,170,96
338.878, 164.371, 12.462, 0, 1, , , 163,170,96
347.605, 165.133, 12.973, 0, 1, , , 163,170,96
363.959, 171.315, 4.787, 0, 1, , , 163,170,96
348.129, 189.697, 3.624, 0, 1, , , 163,170,96
372.149, 148.947, 21.300, 0, 1, , , 163,170,96
348.553, 142.920, 22.181, 0, 1, , , 163,170,96
326.523, 207.155, 12.743, 0, 1, , , 163,170,96
336.087, 244.968, 14.501, 0, 1, , , 163,170,96
294.749, 168.425, 11.838, 0, 1, , , 163,170,96
290.568, 200.902, 8.698, 0, 1, , , 163,170,96
317.810, 141.378, 20.569, 0, 1, , , 163,170,96
360.516, 178.373, 3.669, 0, 1, , , 163,170,96
381.306, 233.158, 3.087, 0, 1, , , 163,170,96
398.815, 231.802, 4.849, 0, 1, , , 163,170,96
410.093, 234.830, 6.391, 0, 1, , , 163,170,96
396.885, 178.418, 7.144, 0, 1, , , 163,170,96
406.271, 185.826, 5.288, 0, 1, , , 163,170,96
420.342, 193.691, 17.704, 0, 1, , , 163,170,96
425.080, 186.029, 6.904, 0, 1, , , 163,170,96
436.908, 191.732, 6.957, 0, 1, , , 163,170,96
435.802, 200.244, 4.698, 0, 1, , , 163,170,96
454.502, 199.629, 7.752, 0, 1, , , 163,170,96
459.835, 207.799, 6.993, 0, 1, , , 163,170,96
393.648, 170.074, 16.733, 0, 1, , , 163,170,96
405.000, 180.973, 17.626, 0, 1, , , 163,170,96
445.602, 200.865, 5.836, 0, 1, , , 163,170,96
445.974, 194.026, 11.503, 0, 1, , , 163,170,96
464.987, 196.002, 9.123, 0, 1, , , 163,170,96
475.629, 204.980, 7.453, 0, 1, , , 163,170,96
487.062, 202.792, 7.509, 0, 1, , , 163,170,96
484.937, 214.233, 8.112, 0, 1, , , 163,170,96
489.900, 219.598, 5.873, 0, 1, , , 163,170,96
499.906, 217.071, 5.139, 0, 1, , , 163,170,96
500.147, 207.322, 7.221, 0, 1, , , 163,170,96
514.326, 222.215, 6.303, 0, 1, , , 163,170,96
523.114, 227.508, 7.308, 0, 1, , , 163,170,96
504.589, 223.199, 7.496, 0, 1, , , 163,170,96
