##x,y,z,radius,shape,name,comment, color_r,color_g,color_b
321.397, 220.067, 36.614, 0, 1, , , 54,9,248
318.029, 206.019, 37.974, 0, 1, , , 54,9,248
323.397, 186.727, 32.393, 0, 1, , , 54,9,248
304.527, 182.684, 23.749, 0, 1, , , 54,9,248
305.802, 228.332, 32.236, 0, 1, , , 54,9,248
311.099, 226.096, 22.820, 0, 1, , , 54,9,248
316.063, 217.725, 15.340, 0, 1, , , 54,9,248
309.492, 205.717, 14.230, 0, 1, , , 54,9,248
220.129, 168.677, 41.887, 0, 1, , , 54,9,248
226.888, 176.063, 18.218, 0, 1, , , 54,9,248
198.061, 163.949, 38.994, 0, 1, , , 54,9,248
196.434, 174.598, 16.973, 0, 1, , , 54,9,248
216.606, 199.560, 44.803, 0, 1, , , 54,9,248
212.096, 200.996, 16.041, 0, 1, , , 54,9,248
194.514, 213.709, 34.933, 0, 1, , , 54,9,248
183.356, 213.841, 23.305, 0, 1, , , 54,9,248
80.513, 78.541, 25.989, 0, 1, , , 54,9,248
108.653, 93.760, 29.345, 0, 1, , , 54,9,248
