##x,y,z,radius,shape,name,comment, color_r,color_g,color_b
147.167, 91.834, 42.274, 0, 1, , , 43,226,109
146.273, 106.683, 40.625, 0, 1, , , 43,226,109
138.120, 119.923, 30.419, 0, 1, , , 43,226,109
161.458, 124.230, 26.689, 0, 1, , , 43,226,109
156.357, 78.102, 35.968, 0, 1, , , 43,226,109
161.640, 78.082, 23.815, 0, 1, , , 43,226,109
146.411, 85.533, 17.108, 0, 1, , , 43,226,109
151.953, 99.956, 15.315, 0, 1, , , 43,226,109
259.501, 153.356, 39.544, 0, 1, , , 43,226,109
245.575, 133.703, 17.481, 0, 1, , , 43,226,109
299.826, 148.590, 53.874, 0, 1, , , 43,226,109
291.846, 147.058, 11.497, 0, 1, , , 43,226,109
263.497, 129.621, 47.086, 0, 1, , , 43,226,109
262.868, 111.936, 15.184, 0, 1, , , 43,226,109
287.089, 113.646, 43.825, 0, 1, , , 43,226,109
284.141, 108.131, 23.176, 0, 1, , , 43,226,109
403.675, 229.310, 28.381, 0, 1, , , 43,226,109
420.500, 238.167, 26.249, 0, 1, , , 43,226,109
434.719, 242.730, 28.277, 0, 1, , , 43,226,109
