##x,y,z,radius,shape,name,comment, color_r,color_g,color_b
222.108, 215.908, 7.948, 0, 1, , , 127,149,162
219.984, 220.599, 22.334, 0, 1, , , 127,149,162
211.501, 189.194, 10.356, 0, 1, , , 127,149,162
216.930, 185.069, 20.320, 0, 1, , , 127,149,162
202.597, 207.463, 9.125, 0, 1, , , 127,149,162
209.028, 206.182, 22.801, 0, 1, , , 127,149,162
216.735, 238.890, 10.967, 0, 1, , , 127,149,162
222.645, 237.691, 19.904, 0, 1, , , 127,149,162
202.392, 243.077, 12.188, 0, 1, , , 127,149,162
207.734, 236.921, 18.595, 0, 1, , , 127,149,162
234.895, 241.716, 17.350, 0, 1, , , 127,149,162
203.803, 197.084, 9.816, 0, 1, , , 127,149,162
193.410, 221.133, 6.487, 0, 1, , , 127,149,162
180.150, 232.007, 25.148, 0, 1, , , 127,149,162
189.352, 232.157, 8.813, 0, 1, , , 127,149,162
185.635, 236.428, 22.374, 0, 1, , , 127,149,162
179.219, 256.387, 9.447, 0, 1, , , 127,149,162
179.312, 256.875, 21.724, 0, 1, , , 127,149,162
168.187, 252.432, 14.035, 0, 1, , , 127,149,162
167.059, 198.292, 9.717, 0, 1, , , 127,149,162
177.341, 198.431, 21.675, 0, 1, , , 127,149,162
157.486, 197.198, 10.141, 0, 1, , , 127,149,162
165.551, 200.370, 21.205, 0, 1, , , 127,149,162
132.228, 224.233, 10.057, 0, 1, , , 127,149,162
126.739, 228.664, 19.174, 0, 1, , , 127,149,162
82.471, 251.824, 12.647, 0, 1, , , 127,149,162
78.968, 256.999, 20.346, 0, 1, , , 127,149,162
194.215, 244.392, 10.647, 0, 1, , , 127,149,162
205.573, 234.908, 10.062, 0, 1, , , 127,149,162
177.368, 211.060, 11.410, 0, 1, , , 127,149,162
181.043, 215.463, 20.295, 0, 1, , , 127,149,162
220.786, 203.051, 10.682, 0, 1, , , 127,149,162
256.288, 199.156, 5.212, 0, 1, , , 127,149,162
262.997, 192.047, 7.275, 0, 1, , , 127,149,162
271.459, 178.873, 9.605, 0, 1, , , 127,149,162
274.630, 190.109, 7.274, 0, 1, , , 127,149,162
250.860, 199.197, 25.206, 0, 1, , , 127,149,162
262.048, 192.577, 24.031, 0, 1, , , 127,149,162
266.004, 183.265, 21.315, 0, 1, , , 127,149,162
259.282, 180.767, 9.137, 0, 1, , , 127,149,162
272.608, 230.943, 15.092, 0, 1, , , 127,149,162
284.403, 227.450, 9.471, 0, 1, , , 127,149,162
281.334, 221.502, 11.749, 0, 1, , , 127,149,162
277.324, 220.844, 17.942, 0, 1, , , 127,149,162
259.118, 209.426, 9.074, 0, 1, , , 127,149,162
254.993, 206.210, 21.809, 0, 1, , , 127,149,162
273.940, 153.007, 9.928, 0, 1, , , 127,149,162
274.804, 156.099, 19.069, 0, 1, , , 127,149,162
288.018, 166.288, 10.534, 0, 1, , , 127,149,162
279.434, 170.989, 18.096, 0, 1, , , 127,149,162
302.148, 155.423, 6.964, 0, 1, , , 127,149,162
294.079, 194.570, 6.414, 0, 1, , , 127,149,162
296.570, 184.181, 7.575, 0, 1, , , 127,149,162
293.910, 174.999, 6.582, 0, 1, , , 127,149,162
308.953, 161.955, 18.947, 0, 1, , , 127,149,162
328.833, 161.161, 8.899, 0, 1, , , 127,149,162
306.664, 170.808, 7.025, 0, 1, , , 127,149,162
319.359, 165.853, 21.038, 0, 1, , , 127,149,162
335.515, 155.313, 11.216, 0, 1, , , 127,149,162
328.302, 180.209, 21.260, 0, 1, , , 127,149,162
328.097, 176.442, 8.798, 0, 1, , , 127,149,162
322.944, 153.506, 18.080, 0, 1, , , 127,149,162
381.243, 120.349, 7.714, 0, 1, , , 127,149,162
435.627, 89.249, 15.585, 0, 1, , , 127,149,162
469.073, 75.811, 15.222, 0, 1, , , 127,149,162
479.411, 59.922, 17.424, 0, 1, , , 127,149,162
194.889, 212.191, 7.800, 0, 1, , , 127,149,162
188.635, 210.098, 23.642, 0, 1, , , 127,149,162
208.130, 214.794, 7.100, 0, 1, , , 127,149,162
221.937, 178.098, 12.135, 0, 1, , , 127,149,162
274.249, 212.651, 7.362, 0, 1, , , 127,149,162
285.555, 212.562, 9.948, 0, 1, , , 127,149,162
302.273, 212.144, 10.050, 0, 1, , , 127,149,162
296.635, 212.108, 20.701, 0, 1, , , 127,149,162
314.363, 200.920, 9.748, 0, 1, , , 127,149,162
310.024, 189.351, 6.376, 0, 1, , , 127,149,162
324.690, 192.616, 8.766, 0, 1, , , 127,149,162
322.103, 202.164, 20.538, 0, 1, , , 127,149,162
318.147, 172.185, 8.006, 0, 1, , , 127,149,162
282.065, 174.045, 6.029, 0, 1, , , 127,149,162
303.682, 195.935, 22.486, 0, 1, , , 127,149,162
265.995, 215.330, 22.574, 0, 1, , , 127,149,162
273.838, 207.382, 8.251, 0, 1, , , 127,149,162
257.857, 183.063, 22.824, 0, 1, , , 127,149,162
268.266, 162.188, 13.152, 0, 1, , , 127,149,162
281.738, 162.655, 13.684, 0, 1, , , 127,149,162
310.021, 154.811, 15.796, 0, 1, , , 127,149,162
308.004, 141.426, 10.246, 0, 1, , , 127,149,162
305.493, 137.593, 18.182, 0, 1, , , 127,149,162
314.541, 132.565, 9.214, 0, 1, , , 127,149,162
323.189, 127.630, 10.531, 0, 1, , , 127,149,162
323.969, 131.045, 19.096, 0, 1, , , 127,149,162
291.192, 190.568, 23.105, 0, 1, , , 127,149,162
295.121, 154.559, 15.259, 0, 1, , , 127,149,162
295.765, 159.894, 20.320, 0, 1, , , 127,149,162
294.720, 142.211, 12.041, 0, 1, , , 127,149,162
283.679, 144.738, 10.479, 0, 1, , , 127,149,162
285.123, 146.270, 18.262, 0, 1, , , 127,149,162
283.916, 153.851, 16.010, 0, 1, , , 127,149,162
342.992, 143.273, 19.291, 0, 1, , , 127,149,162
350.977, 148.093, 10.679, 0, 1, , , 127,149,162
354.064, 148.049, 19.478, 0, 1, , , 127,149,162
363.253, 135.723, 21.061, 0, 1, , , 127,149,162
333.250, 119.612, 18.203, 0, 1, , , 127,149,162
343.123, 105.205, 14.705, 0, 1, , , 127,149,162
374.250, 110.692, 17.898, 0, 1, , , 127,149,162
381.448, 103.154, 12.240, 0, 1, , , 127,149,162
394.707, 105.447, 24.740, 0, 1, , , 127,149,162
404.028, 112.856, 6.017, 0, 1, , , 127,149,162
377.501, 89.641, 14.509, 0, 1, , , 127,149,162
389.315, 87.018, 14.790, 0, 1, , , 127,149,162
406.572, 79.005, 13.203, 0, 1, , , 127,149,162
428.650, 108.580, 5.679, 0, 1, , , 127,149,162
419.983, 87.680, 14.315, 0, 1, , , 127,149,162
441.287, 79.185, 16.521, 0, 1, , , 127,149,162
454.467, 79.544, 16.646, 0, 1, , , 127,149,162
456.579, 68.976, 15.579, 0, 1, , , 127,149,162
468.412, 63.326, 16.389, 0, 1, , , 127,149,162
446.820, 70.250, 18.096, 0, 1, , , 127,149,162
477.410, 68.143, 15.839, 0, 1, , , 127,149,162
403.952, 192.046, 18.227, 0, 1, , , 127,149,162
424.380, 79.883, 16.347, 0, 1, , , 127,149,162
398.725, 91.852, 14.332, 0, 1, , , 127,149,162
369.091, 97.901, 12.981, 0, 1, , , 127,149,162
199.758, 222.183, 6.599, 0, 1, , , 127,149,162
