##x,y,z,radius,shape,name,comment, color_r,color_g,color_b
473.179, 95.863, 14.372, 0, 1, , , 23,166,191
430.272, 100.899, 11.025, 0, 1, , , 23,166,191
482.807, 119.891, 14.594, 0, 1, , , 23,166,191
401.642, 149.190, 15.386, 0, 1, , , 23,166,191
391.964, 155.455, 22.195, 0, 1, , , 23,166,191
382.153, 133.881, 8.520, 0, 1, , , 23,166,191
393.995, 118.420, 11.227, 0, 1, , , 23,166,191
382.067, 137.266, 22.238, 0, 1, , , 23,166,191
389.599, 125.556, 8.053, 0, 1, , , 23,166,191
371.864, 111.626, 14.673, 0, 1, , , 23,166,191
367.596, 122.327, 10.816, 0, 1, , , 23,166,191
370.202, 119.051, 19.013, 0, 1, , , 23,166,191
372.413, 147.014, 9.104, 0, 1, , , 23,166,191
371.397, 168.026, 17.166, 0, 1, , , 23,166,191
363.797, 171.938, 21.619, 0, 1, , , 23,166,191
361.991, 142.355, 23.033, 0, 1, , , 23,166,191
353.026, 147.071, 9.233, 0, 1, , , 23,166,191
349.919, 169.532, 12.141, 0, 1, , , 23,166,191
333.598, 163.246, 8.117, 0, 1, , , 23,166,191
365.562, 136.130, 9.485, 0, 1, , , 23,166,191
358.831, 129.259, 10.675, 0, 1, , , 23,166,191
346.298, 120.473, 14.073, 0, 1, , , 23,166,191
350.509, 119.442, 19.894, 0, 1, , , 23,166,191
360.564, 117.291, 16.992, 0, 1, , , 23,166,191
374.873, 151.801, 23.008, 0, 1, , , 23,166,191
328.355, 176.255, 10.428, 0, 1, , , 23,166,191
307.600, 162.235, 23.912, 0, 1, , , 23,166,191
283.965, 155.385, 10.515, 0, 1, , , 23,166,191
306.272, 148.918, 25.015, 0, 1, , , 23,166,191
306.097, 140.401, 19.796, 0, 1, , , 23,166,191
310.494, 134.909, 13.761, 0, 1, , , 23,166,191
294.749, 170.306, 9.779, 0, 1, , , 23,166,191
300.334, 147.973, 21.492, 0, 1, , , 23,166,191
299.208, 145.754, 11.917, 0, 1, , , 23,166,191
295.237, 133.292, 11.077, 0, 1, , , 23,166,191
304.143, 126.451, 10.231, 0, 1, , , 23,166,191
284.564, 138.969, 11.640, 0, 1, , , 23,166,191
263.759, 151.782, 13.587, 0, 1, , , 23,166,191
262.999, 139.683, 13.391, 0, 1, , , 23,166,191
316.192, 202.023, 22.554, 0, 1, , , 23,166,191
329.141, 198.231, 21.885, 0, 1, , , 23,166,191
315.116, 187.744, 19.952, 0, 1, , , 23,166,191
306.327, 202.354, 22.227, 0, 1, , , 23,166,191
300.029, 178.384, 10.093, 0, 1, , , 23,166,191
295.516, 192.809, 11.257, 0, 1, , , 23,166,191
295.764, 201.578, 13.721, 0, 1, , , 23,166,191
306.069, 183.968, 9.808, 0, 1, , , 23,166,191
282.098, 167.544, 10.006, 0, 1, , , 23,166,191
276.754, 178.156, 8.385, 0, 1, , , 23,166,191
277.235, 193.320, 9.810, 0, 1, , , 23,166,191
277.462, 207.837, 12.984, 0, 1, , , 23,166,191
288.024, 209.438, 12.974, 0, 1, , , 23,166,191
276.380, 217.634, 14.881, 0, 1, , , 23,166,191
276.374, 222.241, 18.524, 0, 1, , , 23,166,191
291.125, 216.563, 21.454, 0, 1, , , 23,166,191
259.071, 220.216, 11.240, 0, 1, , , 23,166,191
260.495, 200.053, 8.574, 0, 1, , , 23,166,191
268.119, 219.869, 15.998, 0, 1, , , 23,166,191
263.418, 212.048, 16.985, 0, 1, , , 23,166,191
246.784, 229.694, 16.868, 0, 1, , , 23,166,191
237.098, 189.176, 8.386, 0, 1, , , 23,166,191
214.883, 179.639, 7.077, 0, 1, , , 23,166,191
247.359, 175.462, 10.191, 0, 1, , , 23,166,191
259.826, 172.838, 10.856, 0, 1, , , 23,166,191
258.465, 182.678, 8.850, 0, 1, , , 23,166,191
249.049, 202.407, 8.638, 0, 1, , , 23,166,191
240.194, 201.380, 8.323, 0, 1, , , 23,166,191
237.341, 162.137, 11.145, 0, 1, , , 23,166,191
222.170, 157.384, 11.532, 0, 1, , , 23,166,191
222.701, 152.987, 14.488, 0, 1, , , 23,166,191
232.202, 148.320, 15.074, 0, 1, , , 23,166,191
255.473, 143.255, 10.532, 0, 1, , , 23,166,191
247.018, 146.817, 14.251, 0, 1, , , 23,166,191
250.143, 149.789, 8.456, 0, 1, , , 23,166,191
250.213, 165.362, 9.541, 0, 1, , , 23,166,191
245.468, 155.380, 11.549, 0, 1, , , 23,166,191
257.482, 214.946, 22.081, 0, 1, , , 23,166,191
231.421, 243.451, 17.951, 0, 1, , , 23,166,191
215.694, 231.702, 4.693, 0, 1, , , 23,166,191
199.128, 221.310, 5.785, 0, 1, , , 23,166,191
182.638, 222.948, 4.415, 0, 1, , , 23,166,191
205.051, 241.710, 8.664, 0, 1, , , 23,166,191
189.731, 259.444, 17.131, 0, 1, , , 23,166,191
208.794, 256.053, 16.654, 0, 1, , , 23,166,191
199.303, 251.709, 11.128, 0, 1, , , 23,166,191
196.747, 184.631, 4.981, 0, 1, , , 23,166,191
153.991, 203.330, 6.305, 0, 1, , , 23,166,191
171.683, 248.536, 7.108, 0, 1, , , 23,166,191
158.293, 254.169, 6.436, 0, 1, , , 23,166,191
149.164, 258.038, 5.829, 0, 1, , , 23,166,191
140.061, 252.957, 7.394, 0, 1, , , 23,166,191
167.478, 262.508, 18.211, 0, 1, , , 23,166,191
120.795, 267.142, 6.884, 0, 1, , , 23,166,191
114.674, 276.567, 8.729, 0, 1, , , 23,166,191
108.221, 267.640, 7.516, 0, 1, , , 23,166,191
104.660, 276.016, 6.156, 0, 1, , , 23,166,191
94.071, 275.982, 7.109, 0, 1, , , 23,166,191
99.927, 284.349, 8.954, 0, 1, , , 23,166,191
90.702, 283.550, 5.625, 0, 1, , , 23,166,191
89.725, 292.650, 7.559, 0, 1, , , 23,166,191
82.595, 290.096, 9.602, 0, 1, , , 23,166,191
386.590, 102.094, 18.812, 0, 1, , , 23,166,191
371.250, 104.196, 10.811, 0, 1, , , 23,166,191
382.272, 166.862, 16.843, 0, 1, , , 23,166,191
375.632, 171.632, 23.852, 0, 1, , , 23,166,191
390.566, 168.875, 24.242, 0, 1, , , 23,166,191
269.294, 160.276, 12.007, 0, 1, , , 23,166,191
284.787, 179.851, 9.606, 0, 1, , , 23,166,191
284.237, 198.213, 22.279, 0, 1, , , 23,166,191
207.404, 172.633, 15.816, 0, 1, , , 23,166,191
192.451, 240.490, 3.040, 0, 1, , , 23,166,191
