##x,y,z,radius,shape,name,comment, color_r,color_g,color_b
351.810, 85.770, 19.481, 0, 1, , , 103,222,68
347.517, 100.299, 20.014, 0, 1, , , 103,222,68
346.364, 118.673, 32.571, 0, 1, , , 103,222,68
366.040, 106.746, 38.596, 0, 1, , , 103,222,68
340.001, 74.539, 24.716, 0, 1, , , 103,222,68
336.967, 75.680, 36.793, 0, 1, , , 103,222,68
351.975, 83.792, 45.209, 0, 1, , , 103,222,68
347.774, 98.050, 44.176, 0, 1, , , 103,222,68
244.282, 160.852, 18.944, 0, 1, , , 103,222,68
248.270, 152.686, 47.845, 0, 1, , , 103,222,68
200.638, 182.121, 8.403, 0, 1, , , 103,222,68
202.725, 173.513, 57.792, 0, 1, , , 103,222,68
235.098, 144.400, 12.285, 0, 1, , , 103,222,68
247.525, 133.051, 46.746, 0, 1, , , 103,222,68
218.086, 145.559, 11.540, 0, 1, , , 103,222,68
223.249, 129.229, 47.156, 0, 1, , , 103,222,68
106.162, 275.317, 30.620, 0, 1, , , 103,222,68
97.449, 283.939, 34.652, 0, 1, , , 103,222,68
77.638, 295.510, 31.750, 0, 1, , , 103,222,68
