##x,y,z,radius,shape,name,comment, color_r,color_g,color_b
359.709, 212.844, 8.266, 0, 1, , , 230,100,41
355.152, 220.138, 24.354, 0, 1, , , 230,100,41
342.373, 239.623, 10.125, 0, 1, , , 230,100,41
340.943, 245.204, 19.285, 0, 1, , , 230,100,41
359.442, 233.791, 9.488, 0, 1, , , 230,100,41
353.339, 236.531, 21.420, 0, 1, , , 230,100,41
364.132, 184.963, 17.335, 0, 1, , , 230,100,41
371.951, 233.240, 9.039, 0, 1, , , 230,100,41
372.639, 195.232, 12.680, 0, 1, , , 230,100,41
371.920, 198.732, 19.104, 0, 1, , , 230,100,41
377.212, 208.103, 10.687, 0, 1, , , 230,100,41
389.478, 206.498, 12.391, 0, 1, , , 230,100,41
387.183, 207.021, 18.423, 0, 1, , , 230,100,41
382.665, 218.056, 8.700, 0, 1, , , 230,100,41
385.869, 221.963, 23.579, 0, 1, , , 230,100,41
361.711, 252.744, 17.316, 0, 1, , , 230,100,41
377.211, 260.204, 18.747, 0, 1, , , 230,100,41
396.340, 206.538, 10.861, 0, 1, , , 230,100,41
379.295, 225.783, 6.010, 0, 1, , , 230,100,41
383.068, 231.581, 25.232, 0, 1, , , 230,100,41
380.755, 255.316, 9.755, 0, 1, , , 230,100,41
386.459, 268.063, 19.768, 0, 1, , , 230,100,41
390.478, 247.269, 11.677, 0, 1, , , 230,100,41
389.223, 241.640, 20.953, 0, 1, , , 230,100,41
410.969, 210.073, 9.435, 0, 1, , , 230,100,41
411.003, 211.869, 22.073, 0, 1, , , 230,100,41
382.121, 199.705, 11.507, 0, 1, , , 230,100,41
320.681, 204.635, 5.454, 0, 1, , , 230,100,41
311.850, 204.053, 7.361, 0, 1, , , 230,100,41
299.352, 205.619, 8.635, 0, 1, , , 230,100,41
304.821, 214.135, 8.584, 0, 1, , , 230,100,41
304.330, 196.454, 6.996, 0, 1, , , 230,100,41
316.877, 210.754, 24.956, 0, 1, , , 230,100,41
308.585, 213.123, 24.323, 0, 1, , , 230,100,41
299.247, 215.560, 21.017, 0, 1, , , 230,100,41
301.477, 220.090, 23.248, 0, 1, , , 230,100,41
280.540, 205.925, 9.071, 0, 1, , , 230,100,41
278.373, 213.100, 19.555, 0, 1, , , 230,100,41
264.343, 207.373, 6.190, 0, 1, , , 230,100,41
253.602, 200.537, 10.766, 0, 1, , , 230,100,41
255.563, 210.553, 18.758, 0, 1, , , 230,100,41
252.670, 188.077, 6.414, 0, 1, , , 230,100,41
266.864, 190.959, 6.282, 0, 1, , , 230,100,41
294.461, 177.635, 6.897, 0, 1, , , 230,100,41
278.759, 195.559, 5.521, 0, 1, , , 230,100,41
266.135, 169.166, 7.475, 0, 1, , , 230,100,41
274.757, 230.572, 11.504, 0, 1, , , 230,100,41
265.639, 233.892, 19.481, 0, 1, , , 230,100,41
329.621, 173.300, 15.070, 0, 1, , , 230,100,41
327.982, 172.821, 19.190, 0, 1, , , 230,100,41
318.508, 170.069, 12.211, 0, 1, , , 230,100,41
321.320, 174.096, 19.442, 0, 1, , , 230,100,41
322.550, 193.530, 8.645, 0, 1, , , 230,100,41
322.473, 200.793, 22.984, 0, 1, , , 230,100,41
245.685, 196.331, 10.073, 0, 1, , , 230,100,41
238.420, 200.375, 18.035, 0, 1, , , 230,100,41
235.212, 207.348, 18.644, 0, 1, , , 230,100,41
122.425, 193.782, 14.185, 0, 1, , , 230,100,41
85.997, 183.376, 14.112, 0, 1, , , 230,100,41
212.649, 200.285, 21.069, 0, 1, , , 230,100,41
425.118, 218.951, 19.029, 0, 1, , , 230,100,41
428.166, 266.510, 8.527, 0, 1, , , 230,100,41
475.521, 273.229, 12.005, 0, 1, , , 230,100,41
477.649, 273.862, 20.448, 0, 1, , , 230,100,41
347.072, 219.667, 10.601, 0, 1, , , 230,100,41
364.847, 223.413, 13.017, 0, 1, , , 230,100,41
311.427, 247.803, 17.918, 0, 1, , , 230,100,41
318.862, 182.382, 7.882, 0, 1, , , 230,100,41
315.211, 189.557, 23.223, 0, 1, , , 230,100,41
315.092, 185.020, 8.205, 0, 1, , , 230,100,41
290.501, 161.720, 11.655, 0, 1, , , 230,100,41
277.493, 170.253, 7.897, 0, 1, , , 230,100,41
272.298, 162.784, 9.427, 0, 1, , , 230,100,41
266.067, 147.740, 13.993, 0, 1, , , 230,100,41
255.181, 167.369, 7.870, 0, 1, , , 230,100,41
286.952, 206.657, 5.243, 0, 1, , , 230,100,41
278.400, 186.925, 22.981, 0, 1, , , 230,100,41
261.839, 179.983, 23.034, 0, 1, , , 230,100,41
241.854, 190.435, 21.592, 0, 1, , , 230,100,41
246.568, 179.536, 7.163, 0, 1, , , 230,100,41
292.047, 187.655, 23.729, 0, 1, , , 230,100,41
286.780, 226.625, 14.216, 0, 1, , , 230,100,41
273.161, 220.816, 12.894, 0, 1, , , 230,100,41
256.714, 218.547, 15.110, 0, 1, , , 230,100,41
258.054, 226.010, 13.047, 0, 1, , , 230,100,41
254.765, 229.228, 18.992, 0, 1, , , 230,100,41
264.522, 231.212, 11.519, 0, 1, , , 230,100,41
238.812, 222.251, 11.560, 0, 1, , , 230,100,41
230.882, 221.755, 21.960, 0, 1, , , 230,100,41
279.338, 219.214, 16.519, 0, 1, , , 230,100,41
290.009, 179.480, 6.846, 0, 1, , , 230,100,41
202.761, 127.060, 21.430, 0, 1, , , 230,100,41
210.107, 232.290, 13.094, 0, 1, , , 230,100,41
198.547, 218.129, 18.131, 0, 1, , , 230,100,41
199.076, 207.131, 16.037, 0, 1, , , 230,100,41
194.222, 198.462, 21.452, 0, 1, , , 230,100,41
181.266, 192.119, 16.265, 0, 1, , , 230,100,41
168.856, 218.541, 15.248, 0, 1, , , 230,100,41
154.665, 213.174, 15.876, 0, 1, , , 230,100,41
141.750, 210.357, 13.749, 0, 1, , , 230,100,41
159.988, 202.359, 13.817, 0, 1, , , 230,100,41
167.649, 206.823, 11.941, 0, 1, , , 230,100,41
181.136, 215.215, 16.520, 0, 1, , , 230,100,41
176.951, 200.833, 23.982, 0, 1, , , 230,100,41
165.614, 189.490, 5.528, 0, 1, , , 230,100,41
141.999, 177.151, 4.460, 0, 1, , , 230,100,41
127.501, 172.721, 5.176, 0, 1, , , 230,100,41
130.045, 200.980, 13.575, 0, 1, , , 230,100,41
113.792, 196.447, 15.060, 0, 1, , , 230,100,41
104.191, 188.253, 14.992, 0, 1, , , 230,100,41
91.474, 190.323, 15.722, 0, 1, , , 230,100,41
71.214, 187.141, 15.213, 0, 1, , , 230,100,41
65.928, 180.582, 13.305, 0, 1, , , 230,100,41
58.240, 181.853, 15.336, 0, 1, , , 230,100,41
76.973, 186.512, 15.313, 0, 1, , , 230,100,41
223.276, 221.927, 11.562, 0, 1, , , 230,100,41
180.030, 207.397, 13.788, 0, 1, , , 230,100,41
