##x,y,z,radius,shape,name,comment, color_r,color_g,color_b
126.675, 120.042, 43.194, 0, 1, , , 154,116,166
136.648, 110.472, 44.558, 0, 1, , , 154,116,166
152.383, 94.745, 36.528, 0, 1, , , 154,116,166
136.530, 89.003, 30.237, 0, 1, , , 154,116,166
128.999, 135.467, 38.483, 0, 1, , , 154,116,166
135.732, 135.996, 27.434, 0, 1, , , 154,116,166
130.701, 123.795, 19.917, 0, 1, , , 154,116,166
143.336, 112.145, 20.956, 0, 1, , , 154,116,166
234.491, 128.174, 45.091, 0, 1, , , 154,116,166
240.437, 127.414, 25.154, 0, 1, , , 154,116,166
272.913, 136.887, 46.153, 0, 1, , , 154,116,166
270.101, 145.092, 16.712, 0, 1, , , 154,116,166
228.233, 154.709, 48.955, 0, 1, , , 154,116,166
235.829, 154.825, 19.283, 0, 1, , , 154,116,166
239.653, 174.188, 38.468, 0, 1, , , 154,116,166
247.537, 167.578, 20.630, 0, 1, , , 154,116,166
395.408, 129.248, 32.188, 0, 1, , , 154,116,166
425.342, 130.879, 37.491, 0, 1, , , 154,116,166
