##x,y,z,radius,shape,name,comment, color_r,color_g,color_b
366.243, 140.676, 16.962, 0, 1, , , 132,19,217
356.974, 150.720, 14.722, 0, 1, , , 132,19,217
356.150, 174.033, 23.258, 0, 1, , , 132,19,217
354.611, 175.884, 31.892, 0, 1, , , 132,19,217
357.296, 129.561, 27.343, 0, 1, , , 132,19,217
358.644, 131.415, 35.017, 0, 1, , , 132,19,217
369.719, 142.240, 41.012, 0, 1, , , 132,19,217
366.535, 156.273, 39.073, 0, 1, , , 132,19,217
268.094, 197.309, 20.181, 0, 1, , , 132,19,217
277.415, 193.697, 41.498, 0, 1, , , 132,19,217
229.305, 207.275, 10.523, 0, 1, , , 132,19,217
241.662, 207.260, 45.845, 0, 1, , , 132,19,217
255.476, 178.791, 12.576, 0, 1, , , 132,19,217
263.885, 175.265, 45.742, 0, 1, , , 132,19,217
237.718, 166.620, 17.702, 0, 1, , , 132,19,217
241.157, 165.468, 42.319, 0, 1, , , 132,19,217
141.718, 279.580, 31.607, 0, 1, , , 132,19,217
120.572, 295.123, 29.574, 0, 1, , , 132,19,217
