##x,y,z,radius,shape,name,comment, color_r,color_g,color_b
168.231, 110.870, 17.150, 0, 1, , , 191,83,145
173.853, 125.571, 16.318, 0, 1, , , 191,83,145
170.225, 140.075, 30.598, 0, 1, , , 191,83,145
190.246, 146.266, 35.261, 0, 1, , , 191,83,145
179.263, 98.299, 25.802, 0, 1, , , 191,83,145
189.126, 101.256, 36.591, 0, 1, , , 191,83,145
166.570, 108.483, 45.076, 0, 1, , , 191,83,145
178.645, 124.757, 44.545, 0, 1, , , 191,83,145
264.825, 161.912, 19.751, 0, 1, , , 191,83,145
267.468, 165.229, 44.238, 0, 1, , , 191,83,145
298.798, 170.353, 12.399, 0, 1, , , 191,83,145
293.106, 166.426, 45.134, 0, 1, , , 191,83,145
274.174, 127.294, 17.222, 0, 1, , , 191,83,145
277.563, 137.852, 48.164, 0, 1, , , 191,83,145
292.932, 123.651, 25.694, 0, 1, , , 191,83,145
302.467, 119.859, 40.421, 0, 1, , , 191,83,145
417.025, 261.306, 31.960, 0, 1, , , 191,83,145
428.571, 262.647, 30.140, 0, 1, , , 191,83,145
445.725, 269.660, 29.343, 0, 1, , , 191,83,145
