##x,y,z,radius,shape,name,comment, color_r,color_g,color_b
373.224, 136.174, 15.460, 0, 1, , , 168,101,162
360.602, 145.874, 17.402, 0, 1, , , 168,101,162
350.829, 161.998, 26.938, 0, 1, , , 168,101,162
366.810, 165.763, 33.723, 0, 1, , , 168,101,162
373.473, 127.343, 21.949, 0, 1, , , 168,101,162
376.223, 123.551, 33.032, 0, 1, , , 168,101,162
382.660, 138.247, 40.534, 0, 1, , , 168,101,162
372.755, 149.310, 39.687, 0, 1, , , 168,101,162
266.097, 138.453, 20.964, 0, 1, , , 168,101,162
281.825, 133.536, 43.839, 0, 1, , , 168,101,162
237.338, 118.079, 15.566, 0, 1, , , 168,101,162
254.119, 123.885, 42.128, 0, 1, , , 168,101,162
270.973, 109.060, 15.708, 0, 1, , , 168,101,162
287.149, 108.564, 40.562, 0, 1, , , 168,101,162
254.274, 93.142, 22.618, 0, 1, , , 168,101,162
275.566, 98.762, 34.672, 0, 1, , , 168,101,162
144.502, 142.501, 34.146, 0, 1, , , 168,101,162
118.493, 141.907, 36.826, 0, 1, , , 168,101,162
107.187, 140.326, 33.600, 0, 1, , , 168,101,162
