##x,y,z,radius,shape,name,comment, color_r,color_g,color_b
360.534, 164.414, 19.929, 0, 1, , , 196,159,27
353.966, 175.825, 21.153, 0, 1, , , 196,159,27
343.635, 184.403, 28.199, 0, 1, , , 196,159,27
347.526, 188.285, 37.069, 0, 1, , , 196,159,27
350.744, 144.348, 26.946, 0, 1, , , 196,159,27
360.584, 148.588, 38.237, 0, 1, , , 196,159,27
357.853, 164.247, 44.908, 0, 1, , , 196,159,27
348.442, 174.576, 44.575, 0, 1, , , 196,159,27
250.195, 152.795, 20.834, 0, 1, , , 196,159,27
259.462, 152.402, 43.092, 0, 1, , , 196,159,27
216.536, 134.686, 13.584, 0, 1, , , 196,159,27
225.009, 140.464, 45.529, 0, 1, , , 196,159,27
255.748, 123.573, 16.872, 0, 1, , , 196,159,27
257.490, 123.616, 46.793, 0, 1, , , 196,159,27
238.276, 113.768, 22.680, 0, 1, , , 196,159,27
243.063, 114.941, 39.889, 0, 1, , , 196,159,27
105.104, 146.537, 29.278, 0, 1, , , 196,159,27
76.446, 144.436, 32.398, 0, 1, , , 196,159,27
