##x,y,z,radius,shape,name,comment, color_r,color_g,color_b
192.704, 172.687, 12.211, 0, 1, , , 197,158,27
194.961, 176.619, 20.001, 0, 1, , , 197,158,27
197.851, 176.537, 16.783, 0, 1, , , 197,158,27
205.920, 159.668, 8.819, 0, 1, , , 197,158,27
207.164, 153.882, 24.010, 0, 1, , , 197,158,27
210.441, 135.675, 9.231, 0, 1, , , 197,158,27
203.958, 129.794, 22.038, 0, 1, , , 197,158,27
222.315, 130.096, 10.883, 0, 1, , , 197,158,27
232.062, 128.621, 18.455, 0, 1, , , 197,158,27
196.989, 136.247, 8.984, 0, 1, , , 197,158,27
196.527, 113.209, 12.385, 0, 1, , , 197,158,27
196.839, 108.288, 18.290, 0, 1, , , 197,158,27
173.840, 166.092, 12.538, 0, 1, , , 197,158,27
179.795, 167.600, 18.637, 0, 1, , , 197,158,27
210.584, 148.632, 8.732, 0, 1, , , 197,158,27
172.243, 153.411, 8.970, 0, 1, , , 197,158,27
176.754, 148.919, 24.138, 0, 1, , , 197,158,27
180.693, 149.775, 5.663, 0, 1, , , 197,158,27
142.847, 165.211, 9.945, 0, 1, , , 197,158,27
151.341, 166.338, 21.054, 0, 1, , , 197,158,27
185.633, 163.635, 10.585, 0, 1, , , 197,158,27
187.043, 158.892, 22.252, 0, 1, , , 197,158,27
189.214, 114.042, 9.160, 0, 1, , , 197,158,27
184.615, 97.241, 17.878, 0, 1, , , 197,158,27
187.027, 144.374, 9.807, 0, 1, , , 197,158,27
248.025, 165.915, 5.790, 0, 1, , , 197,158,27
256.686, 163.089, 8.510, 0, 1, , , 197,158,27
270.606, 156.395, 10.921, 0, 1, , , 197,158,27
264.503, 153.792, 8.743, 0, 1, , , 197,158,27
243.673, 161.176, 25.709, 0, 1, , , 197,158,27
256.404, 154.404, 25.569, 0, 1, , , 197,158,27
260.534, 155.941, 21.925, 0, 1, , , 197,158,27
269.284, 165.699, 8.910, 0, 1, , , 197,158,27
240.302, 209.340, 15.954, 0, 1, , , 197,158,27
246.514, 206.572, 13.067, 0, 1, , , 197,158,27
246.961, 210.226, 20.664, 0, 1, , , 197,158,27
243.769, 199.890, 12.695, 0, 1, , , 197,158,27
244.388, 203.544, 19.768, 0, 1, , , 197,158,27
289.296, 158.515, 7.562, 0, 1, , , 197,158,27
308.940, 158.261, 7.445, 0, 1, , , 197,158,27
308.840, 173.607, 11.118, 0, 1, , , 197,158,27
297.621, 174.731, 8.851, 0, 1, , , 197,158,27
309.395, 175.574, 22.640, 0, 1, , , 197,158,27
299.569, 185.928, 7.952, 0, 1, , , 197,158,27
312.210, 186.876, 8.733, 0, 1, , , 197,158,27
268.365, 186.006, 6.225, 0, 1, , , 197,158,27
273.724, 179.317, 8.293, 0, 1, , , 197,158,27
285.651, 186.109, 6.685, 0, 1, , , 197,158,27
300.012, 145.736, 10.058, 0, 1, , , 197,158,27
312.057, 141.284, 20.176, 0, 1, , , 197,158,27
240.396, 173.115, 9.251, 0, 1, , , 197,158,27
245.721, 179.204, 9.041, 0, 1, , , 197,158,27
235.412, 172.239, 24.401, 0, 1, , , 197,158,27
332.421, 180.188, 10.214, 0, 1, , , 197,158,27
481.632, 194.274, 16.587, 0, 1, , , 197,158,27
544.114, 210.069, 15.931, 0, 1, , , 197,158,27
516.986, 201.883, 16.500, 0, 1, , , 197,158,27
384.203, 171.626, 10.254, 0, 1, , , 197,158,27
143.714, 152.007, 16.166, 0, 1, , , 197,158,27
149.909, 113.129, 7.090, 0, 1, , , 197,158,27
137.534, 110.516, 7.076, 0, 1, , , 197,158,27
143.529, 103.954, 18.707, 0, 1, , , 197,158,27
166.041, 164.506, 11.473, 0, 1, , , 197,158,27
197.553, 153.008, 8.704, 0, 1, , , 197,158,27
194.156, 129.125, 24.472, 0, 1, , , 197,158,27
201.907, 125.378, 9.914, 0, 1, , , 197,158,27
178.550, 125.317, 10.050, 0, 1, , , 197,158,27
182.526, 119.909, 20.300, 0, 1, , , 197,158,27
241.231, 185.208, 7.034, 0, 1, , , 197,158,27
263.931, 202.745, 9.106, 0, 1, , , 197,158,27
275.504, 196.579, 8.055, 0, 1, , , 197,158,27
303.736, 191.328, 22.854, 0, 1, , , 197,158,27
276.231, 190.901, 24.109, 0, 1, , , 197,158,27
285.270, 212.912, 21.099, 0, 1, , , 197,158,27
282.317, 221.139, 13.660, 0, 1, , , 197,158,27
283.472, 213.420, 10.078, 0, 1, , , 197,158,27
323.767, 170.676, 11.518, 0, 1, , , 197,158,27
320.379, 144.526, 9.618, 0, 1, , , 197,158,27
333.629, 142.318, 10.145, 0, 1, , , 197,158,27
334.457, 150.659, 11.106, 0, 1, , , 197,158,27
318.498, 148.002, 12.601, 0, 1, , , 197,158,27
306.710, 159.057, 23.694, 0, 1, , , 197,158,27
286.990, 169.818, 7.641, 0, 1, , , 197,158,27
287.361, 159.633, 20.236, 0, 1, , , 197,158,27
293.434, 162.698, 20.570, 0, 1, , , 197,158,27
287.432, 141.853, 15.605, 0, 1, , , 197,158,27
278.714, 149.424, 15.509, 0, 1, , , 197,158,27
262.687, 147.124, 25.082, 0, 1, , , 197,158,27
321.685, 164.545, 20.216, 0, 1, , , 197,158,27
336.201, 171.124, 21.809, 0, 1, , , 197,158,27
266.979, 177.652, 23.974, 0, 1, , , 197,158,27
261.061, 179.703, 26.653, 0, 1, , , 197,158,27
303.924, 155.674, 16.226, 0, 1, , , 197,158,27
354.770, 241.175, 9.828, 0, 1, , , 197,158,27
351.451, 244.669, 22.274, 0, 1, , , 197,158,27
355.688, 147.313, 10.821, 0, 1, , , 197,158,27
365.180, 149.498, 19.042, 0, 1, , , 197,158,27
386.923, 150.262, 18.039, 0, 1, , , 197,158,27
414.124, 155.560, 13.966, 0, 1, , , 197,158,27
430.158, 163.363, 15.058, 0, 1, , , 197,158,27
445.892, 169.063, 16.033, 0, 1, , , 197,158,27
416.160, 176.258, 22.700, 0, 1, , , 197,158,27
414.136, 175.124, 18.425, 0, 1, , , 197,158,27
434.447, 189.825, 8.778, 0, 1, , , 197,158,27
453.105, 181.724, 13.440, 0, 1, , , 197,158,27
418.037, 181.860, 9.763, 0, 1, , , 197,158,27
467.240, 189.694, 15.258, 0, 1, , , 197,158,27
404.779, 172.958, 12.791, 0, 1, , , 197,158,27
407.951, 169.225, 19.130, 0, 1, , , 197,158,27
464.512, 176.868, 15.586, 0, 1, , , 197,158,27
498.445, 202.166, 14.119, 0, 1, , , 197,158,27
503.519, 186.254, 18.108, 0, 1, , , 197,158,27
522.657, 194.270, 18.120, 0, 1, , , 197,158,27
533.138, 204.471, 15.898, 0, 1, , , 197,158,27
554.476, 210.026, 15.966, 0, 1, , , 197,158,27
90.323, 103.795, 12.557, 0, 1, , , 197,158,27
290.764, 187.193, 23.734, 0, 1, , , 197,158,27
