##x,y,z,radius,shape,name,comment, color_r,color_g,color_b
346.101, 108.279, 23.703, 0, 1, , , 51,247,29
346.577, 122.022, 24.659, 0, 1, , , 51,247,29
350.822, 137.386, 31.489, 0, 1, , , 51,247,29
329.688, 148.949, 36.974, 0, 1, , , 51,247,29
336.781, 97.322, 29.263, 0, 1, , , 51,247,29
324.233, 105.044, 44.427, 0, 1, , , 51,247,29
346.406, 119.231, 48.658, 0, 1, , , 51,247,29
242.628, 182.377, 20.813, 0, 1, , , 51,247,29
252.859, 173.985, 43.990, 0, 1, , , 51,247,29
164.269, 221.942, 11.150, 0, 1, , , 51,247,29
164.069, 219.181, 53.442, 0, 1, , , 51,247,29
221.930, 162.876, 10.992, 0, 1, , , 51,247,29
232.435, 155.547, 51.192, 0, 1, , , 51,247,29
204.899, 150.740, 14.222, 0, 1, , , 51,247,29
211.572, 149.525, 50.189, 0, 1, , , 51,247,29
131.643, 278.709, 34.627, 0, 1, , , 51,247,29
115.092, 294.174, 36.910, 0, 1, , , 51,247,29
100.173, 295.230, 33.699, 0, 1, , , 51,247,29
