##x,y,z,radius,shape,name,comment, color_r,color_g,color_b
168.710, 112.558, 19.382, 0, 1, , , 141,106,183
169.869, 127.943, 19.238, 0, 1, , , 141,106,183
164.721, 143.091, 27.475, 0, 1, , , 141,106,183
179.965, 148.567, 33.369, 0, 1, , , 141,106,183
179.069, 101.918, 25.757, 0, 1, , , 141,106,183
184.848, 99.757, 37.015, 0, 1, , , 141,106,183
169.905, 122.638, 42.580, 0, 1, , , 141,106,183
176.099, 110.627, 43.792, 0, 1, , , 141,106,183
260.046, 165.101, 22.592, 0, 1, , , 141,106,183
273.249, 174.237, 42.041, 0, 1, , , 141,106,183
297.795, 173.918, 17.786, 0, 1, , , 141,106,183
306.183, 179.100, 48.518, 0, 1, , , 141,106,183
276.201, 138.815, 18.651, 0, 1, , , 141,106,183
285.518, 145.718, 52.090, 0, 1, , , 141,106,183
299.141, 133.433, 22.181, 0, 1, , , 141,106,183
297.868, 148.521, 43.769, 0, 1, , , 141,106,183
394.703, 248.784, 30.722, 0, 1, , , 141,106,183
406.570, 258.808, 28.524, 0, 1, , , 141,106,183
418.249, 262.736, 26.664, 0, 1, , , 141,106,183
