##x,y,z,radius,shape,name,comment, color_r,color_g,color_b
241.054, 198.188, 13.439, 0, 1, , , 70,139,201
234.430, 190.371, 19.035, 0, 1, , , 70,139,201
224.459, 186.418, 13.912, 0, 1, , , 70,139,201
216.767, 182.567, 17.739, 0, 1, , , 70,139,201
215.958, 172.982, 9.372, 0, 1, , , 70,139,201
224.825, 175.077, 21.164, 0, 1, , , 70,139,201
212.328, 164.827, 8.742, 0, 1, , , 70,139,201
196.351, 180.998, 10.717, 0, 1, , , 70,139,201
182.496, 181.086, 18.846, 0, 1, , , 70,139,201
236.377, 157.262, 8.026, 0, 1, , , 70,139,201
234.970, 171.212, 9.075, 0, 1, , , 70,139,201
235.930, 160.752, 24.030, 0, 1, , , 70,139,201
234.561, 130.123, 12.449, 0, 1, , , 70,139,201
242.425, 131.033, 19.811, 0, 1, , , 70,139,201
224.213, 131.505, 10.492, 0, 1, , , 70,139,201
218.369, 125.745, 11.316, 0, 1, , , 70,139,201
225.863, 129.579, 17.791, 0, 1, , , 70,139,201
209.476, 135.455, 8.080, 0, 1, , , 70,139,201
209.428, 138.445, 22.526, 0, 1, , , 70,139,201
211.041, 145.004, 5.460, 0, 1, , , 70,139,201
171.171, 91.936, 9.159, 0, 1, , , 70,139,201
204.838, 118.797, 22.055, 0, 1, , , 70,139,201
210.640, 121.730, 9.911, 0, 1, , , 70,139,201
232.728, 140.974, 22.135, 0, 1, , , 70,139,201
247.610, 127.694, 14.804, 0, 1, , , 70,139,201
198.320, 161.470, 10.496, 0, 1, , , 70,139,201
196.437, 160.203, 20.534, 0, 1, , , 70,139,201
152.246, 149.027, 8.895, 0, 1, , , 70,139,201
187.989, 120.793, 15.015, 0, 1, , , 70,139,201
105.068, 121.456, 12.058, 0, 1, , , 70,139,201
94.315, 112.347, 19.952, 0, 1, , , 70,139,201
267.658, 170.692, 4.568, 0, 1, , , 70,139,201
276.905, 175.482, 6.457, 0, 1, , , 70,139,201
277.859, 185.915, 9.813, 0, 1, , , 70,139,201
297.624, 138.005, 14.501, 0, 1, , , 70,139,201
296.518, 143.640, 11.623, 0, 1, , , 70,139,201
295.812, 142.728, 21.225, 0, 1, , , 70,139,201
293.429, 147.879, 11.771, 0, 1, , , 70,139,201
287.472, 147.698, 20.147, 0, 1, , , 70,139,201
273.856, 161.114, 8.926, 0, 1, , , 70,139,201
272.683, 161.343, 22.622, 0, 1, , , 70,139,201
278.971, 190.495, 8.129, 0, 1, , , 70,139,201
266.599, 175.980, 24.553, 0, 1, , , 70,139,201
274.130, 174.888, 24.526, 0, 1, , , 70,139,201
276.021, 182.556, 21.817, 0, 1, , , 70,139,201
275.140, 193.209, 22.940, 0, 1, , , 70,139,201
286.593, 212.142, 11.057, 0, 1, , , 70,139,201
297.205, 227.046, 17.172, 0, 1, , , 70,139,201
294.415, 197.603, 10.255, 0, 1, , , 70,139,201
315.838, 209.780, 5.752, 0, 1, , , 70,139,201
312.855, 214.012, 23.123, 0, 1, , , 70,139,201
288.815, 180.717, 7.144, 0, 1, , , 70,139,201
311.986, 169.787, 6.170, 0, 1, , , 70,139,201
305.518, 190.016, 4.716, 0, 1, , , 70,139,201
318.833, 207.961, 12.609, 0, 1, , , 70,139,201
332.856, 208.665, 10.323, 0, 1, , , 70,139,201
335.854, 219.808, 12.692, 0, 1, , , 70,139,201
336.625, 197.185, 9.385, 0, 1, , , 70,139,201
332.462, 187.328, 8.501, 0, 1, , , 70,139,201
321.223, 195.201, 7.098, 0, 1, , , 70,139,201
347.235, 218.866, 11.845, 0, 1, , , 70,139,201
487.888, 319.149, 12.557, 0, 1, , , 70,139,201
224.748, 150.985, 6.627, 0, 1, , , 70,139,201
254.104, 204.072, 15.605, 0, 1, , , 70,139,201
212.035, 150.773, 24.191, 0, 1, , , 70,139,201
197.741, 174.802, 22.078, 0, 1, , , 70,139,201
163.959, 154.806, 8.048, 0, 1, , , 70,139,201
280.319, 200.900, 16.145, 0, 1, , , 70,139,201
273.668, 202.822, 17.064, 0, 1, , , 70,139,201
281.908, 218.147, 19.199, 0, 1, , , 70,139,201
297.562, 226.631, 11.372, 0, 1, , , 70,139,201
305.104, 224.900, 13.534, 0, 1, , , 70,139,201
316.522, 230.359, 11.004, 0, 1, , , 70,139,201
316.927, 233.432, 13.450, 0, 1, , , 70,139,201
329.745, 232.142, 10.575, 0, 1, , , 70,139,201
315.997, 218.330, 13.453, 0, 1, , , 70,139,201
325.682, 211.345, 17.900, 0, 1, , , 70,139,201
339.283, 210.915, 21.720, 0, 1, , , 70,139,201
343.493, 191.281, 23.121, 0, 1, , , 70,139,201
335.505, 179.647, 7.847, 0, 1, , , 70,139,201
323.652, 172.558, 8.123, 0, 1, , , 70,139,201
285.767, 157.232, 7.882, 0, 1, , , 70,139,201
281.451, 164.310, 9.254, 0, 1, , , 70,139,201
307.287, 174.542, 8.585, 0, 1, , , 70,139,201
316.099, 182.001, 23.267, 0, 1, , , 70,139,201
334.084, 178.798, 23.908, 0, 1, , , 70,139,201
334.618, 188.831, 24.516, 0, 1, , , 70,139,201
320.440, 154.939, 11.010, 0, 1, , , 70,139,201
299.861, 176.367, 25.440, 0, 1, , , 70,139,201
288.726, 159.803, 24.252, 0, 1, , , 70,139,201
296.224, 204.018, 15.338, 0, 1, , , 70,139,201
329.144, 242.718, 18.664, 0, 1, , , 70,139,201
322.261, 249.700, 13.697, 0, 1, , , 70,139,201
339.260, 265.543, 15.429, 0, 1, , , 70,139,201
342.542, 238.068, 12.501, 0, 1, , , 70,139,201
334.992, 174.539, 9.254, 0, 1, , , 70,139,201
353.647, 228.317, 13.421, 0, 1, , , 70,139,201
421.731, 185.276, 10.180, 0, 1, , , 70,139,201
384.125, 255.437, 11.462, 0, 1, , , 70,139,201
384.271, 286.117, 15.507, 0, 1, , , 70,139,201
396.552, 284.726, 15.159, 0, 1, , , 70,139,201
395.818, 268.477, 18.992, 0, 1, , , 70,139,201
405.766, 272.148, 5.300, 0, 1, , , 70,139,201
405.896, 277.699, 15.902, 0, 1, , , 70,139,201
421.100, 281.946, 16.551, 0, 1, , , 70,139,201
406.103, 292.560, 15.161, 0, 1, , , 70,139,201
399.453, 288.815, 15.262, 0, 1, , , 70,139,201
415.428, 277.714, 16.265, 0, 1, , , 70,139,201
427.509, 297.124, 13.998, 0, 1, , , 70,139,201
443.134, 290.960, 14.626, 0, 1, , , 70,139,201
443.000, 298.637, 13.068, 0, 1, , , 70,139,201
454.194, 294.186, 14.635, 0, 1, , , 70,139,201
451.301, 304.478, 12.483, 0, 1, , , 70,139,201
464.333, 297.229, 14.541, 0, 1, , , 70,139,201
463.583, 309.581, 12.152, 0, 1, , , 70,139,201
468.835, 312.921, 14.197, 0, 1, , , 70,139,201
474.656, 307.231, 13.129, 0, 1, , , 70,139,201
479.030, 314.351, 12.658, 0, 1, , , 70,139,201
440.140, 282.636, 20.546, 0, 1, , , 70,139,201
156.025, 147.808, 22.451, 0, 1, , , 70,139,201
301.243, 220.014, 15.326, 0, 1, , , 70,139,201
303.348, 194.012, 23.928, 0, 1, , , 70,139,201
