##x,y,z,radius,shape,name,comment, color_r,color_g,color_b
414.660, 115.394, 44.882, 0, 1, , , 184,91,150
400.565, 105.045, 45.580, 0, 1, , , 184,91,150
383.815, 94.589, 38.082, 0, 1, , , 184,91,150
410.156, 84.453, 27.238, 0, 1, , , 184,91,150
410.904, 132.621, 39.056, 0, 1, , , 184,91,150
404.656, 134.172, 27.329, 0, 1, , , 184,91,150
416.328, 117.148, 20.727, 0, 1, , , 184,91,150
406.282, 109.283, 20.487, 0, 1, , , 184,91,150
284.019, 132.907, 46.841, 0, 1, , , 184,91,150
298.197, 141.023, 21.508, 0, 1, , , 184,91,150
249.076, 149.513, 56.106, 0, 1, , , 184,91,150
258.061, 156.298, 9.951, 0, 1, , , 184,91,150
302.749, 162.422, 49.209, 0, 1, , , 184,91,150
311.020, 172.296, 18.700, 0, 1, , , 184,91,150
288.087, 191.120, 47.283, 0, 1, , , 184,91,150
302.927, 193.872, 26.503, 0, 1, , , 184,91,150
129.016, 157.432, 31.770, 0, 1, , , 184,91,150
119.687, 161.909, 29.796, 0, 1, , , 184,91,150
104.660, 165.841, 32.477, 0, 1, , , 184,91,150
