##x,y,z,radius,shape,name,comment, color_r,color_g,color_b
371.827, 194.268, 44.290, 0, 1, , , 175,77,168
369.696, 179.125, 44.792, 0, 1, , , 175,77,168
365.076, 160.384, 34.442, 0, 1, , , 175,77,168
377.551, 164.666, 26.745, 0, 1, , , 175,77,168
361.373, 207.524, 37.763, 0, 1, , , 175,77,168
365.903, 208.485, 26.365, 0, 1, , , 175,77,168
369.261, 196.126, 20.080, 0, 1, , , 175,77,168
368.753, 180.193, 19.217, 0, 1, , , 175,77,168
272.009, 145.371, 45.196, 0, 1, , , 175,77,168
263.464, 146.015, 20.586, 0, 1, , , 175,77,168
236.045, 134.724, 55.131, 0, 1, , , 175,77,168
216.779, 131.650, 9.231, 0, 1, , , 175,77,168
256.307, 173.563, 53.028, 0, 1, , , 175,77,168
252.305, 174.070, 14.652, 0, 1, , , 175,77,168
242.276, 186.487, 41.864, 0, 1, , , 175,77,168
236.069, 177.758, 15.960, 0, 1, , , 175,77,168
128.873, 62.114, 32.075, 0, 1, , , 175,77,168
117.103, 55.163, 30.743, 0, 1, , , 175,77,168
85.941, 39.848, 30.391, 0, 1, , , 175,77,168
