##x,y,z,radius,shape,name,comment, color_r,color_g,color_b
158.896, 111.758, 45.627, 0, 1, , , 134,216,7
162.838, 125.339, 44.446, 0, 1, , , 134,216,7
181.925, 145.823, 34.705, 0, 1, , , 134,216,7
150.739, 136.380, 25.977, 0, 1, , , 134,216,7
166.071, 98.030, 40.651, 0, 1, , , 134,216,7
171.139, 95.472, 29.376, 0, 1, , , 134,216,7
159.345, 105.852, 20.218, 0, 1, , , 134,216,7
165.989, 118.931, 19.196, 0, 1, , , 134,216,7
266.952, 169.024, 43.042, 0, 1, , , 134,216,7
255.450, 150.241, 21.824, 0, 1, , , 134,216,7
302.217, 177.517, 55.022, 0, 1, , , 134,216,7
288.400, 156.528, 12.430, 0, 1, , , 134,216,7
272.422, 138.415, 52.423, 0, 1, , , 134,216,7
269.888, 129.844, 18.932, 0, 1, , , 134,216,7
287.247, 114.187, 41.973, 0, 1, , , 134,216,7
281.725, 124.608, 19.697, 0, 1, , , 134,216,7
389.511, 235.594, 31.481, 0, 1, , , 134,216,7
398.122, 243.566, 26.480, 0, 1, , , 134,216,7
412.630, 244.405, 26.555, 0, 1, , , 134,216,7
