##x,y,z,radius,shape,name,comment, color_r,color_g,color_b
239.277, 193.071, 12.961, 0, 1, , , 51,125,216
234.785, 191.150, 17.691, 0, 1, , , 51,125,216
224.929, 171.329, 10.148, 0, 1, , , 51,125,216
219.648, 173.400, 20.791, 0, 1, , , 51,125,216
235.511, 168.864, 8.554, 0, 1, , , 51,125,216
230.406, 134.439, 18.867, 0, 1, , , 51,125,216
241.840, 137.706, 10.688, 0, 1, , , 51,125,216
222.719, 147.348, 9.889, 0, 1, , , 51,125,216
208.847, 166.939, 10.899, 0, 1, , , 51,125,216
205.951, 142.962, 9.510, 0, 1, , , 51,125,216
201.077, 142.813, 21.498, 0, 1, , , 51,125,216
201.010, 135.457, 10.043, 0, 1, , , 51,125,216
217.735, 136.480, 10.633, 0, 1, , , 51,125,216
212.193, 130.233, 18.103, 0, 1, , , 51,125,216
208.291, 175.828, 10.929, 0, 1, , , 51,125,216
208.531, 179.385, 17.314, 0, 1, , , 51,125,216
202.596, 149.872, 7.325, 0, 1, , , 51,125,216
173.154, 148.688, 10.939, 0, 1, , , 51,125,216
192.937, 171.739, 10.252, 0, 1, , , 51,125,216
181.068, 169.445, 18.561, 0, 1, , , 51,125,216
186.576, 123.362, 9.001, 0, 1, , , 51,125,216
185.317, 124.301, 20.571, 0, 1, , , 51,125,216
138.316, 141.100, 7.675, 0, 1, , , 51,125,216
134.798, 140.338, 21.719, 0, 1, , , 51,125,216
232.375, 164.651, 23.625, 0, 1, , , 51,125,216
185.488, 146.143, 22.447, 0, 1, , , 51,125,216
285.686, 149.638, 13.625, 0, 1, , , 51,125,216
288.620, 153.814, 12.580, 0, 1, , , 51,125,216
297.354, 158.781, 10.269, 0, 1, , , 51,125,216
283.418, 154.947, 18.654, 0, 1, , , 51,125,216
268.239, 182.452, 4.544, 0, 1, , , 51,125,216
275.801, 186.264, 6.923, 0, 1, , , 51,125,216
280.012, 191.644, 9.354, 0, 1, , , 51,125,216
283.500, 200.719, 8.389, 0, 1, , , 51,125,216
265.346, 178.638, 24.785, 0, 1, , , 51,125,216
271.144, 181.574, 24.753, 0, 1, , , 51,125,216
274.034, 186.988, 21.959, 0, 1, , , 51,125,216
287.884, 190.991, 7.149, 0, 1, , , 51,125,216
289.317, 209.413, 12.998, 0, 1, , , 51,125,216
290.567, 214.132, 18.316, 0, 1, , , 51,125,216
300.848, 202.673, 9.409, 0, 1, , , 51,125,216
319.365, 215.997, 3.872, 0, 1, , , 51,125,216
328.392, 214.396, 7.186, 0, 1, , , 51,125,216
337.167, 209.258, 4.528, 0, 1, , , 51,125,216
343.956, 223.917, 5.899, 0, 1, , , 51,125,216
346.455, 204.630, 4.143, 0, 1, , , 51,125,216
336.767, 196.418, 4.392, 0, 1, , , 51,125,216
309.498, 201.704, 4.699, 0, 1, , , 51,125,216
301.380, 186.532, 5.807, 0, 1, , , 51,125,216
306.389, 193.273, 7.294, 0, 1, , , 51,125,216
372.426, 188.231, 10.646, 0, 1, , , 51,125,216
395.064, 266.503, 7.744, 0, 1, , , 51,125,216
477.571, 332.064, 14.704, 0, 1, , , 51,125,216
417.054, 282.302, 9.919, 0, 1, , , 51,125,216
95.375, 116.193, 11.261, 0, 1, , , 51,125,216
149.240, 143.728, 8.907, 0, 1, , , 51,125,216
162.277, 110.188, 14.765, 0, 1, , , 51,125,216
94.430, 113.754, 18.436, 0, 1, , , 51,125,216
217.816, 157.756, 7.770, 0, 1, , , 51,125,216
269.281, 171.597, 9.002, 0, 1, , , 51,125,216
278.155, 206.973, 15.710, 0, 1, , , 51,125,216
249.429, 135.032, 13.258, 0, 1, , , 51,125,216
258.426, 205.831, 15.116, 0, 1, , , 51,125,216
257.235, 186.646, 8.056, 0, 1, , , 51,125,216
298.821, 223.389, 12.951, 0, 1, , , 51,125,216
302.405, 227.838, 18.826, 0, 1, , , 51,125,216
315.750, 228.880, 11.073, 0, 1, , , 51,125,216
311.137, 224.777, 16.057, 0, 1, , , 51,125,216
312.018, 234.582, 17.661, 0, 1, , , 51,125,216
322.104, 246.421, 20.662, 0, 1, , , 51,125,216
331.368, 244.486, 10.408, 0, 1, , , 51,125,216
329.145, 243.038, 16.002, 0, 1, , , 51,125,216
328.168, 233.188, 21.036, 0, 1, , , 51,125,216
340.165, 210.983, 26.656, 0, 1, , , 51,125,216
330.106, 200.492, 25.064, 0, 1, , , 51,125,216
309.005, 187.092, 23.060, 0, 1, , , 51,125,216
316.313, 186.279, 6.422, 0, 1, , , 51,125,216
326.938, 191.093, 6.078, 0, 1, , , 51,125,216
337.009, 179.192, 8.666, 0, 1, , , 51,125,216
348.741, 190.566, 19.796, 0, 1, , , 51,125,216
339.983, 174.683, 22.415, 0, 1, , , 51,125,216
311.944, 173.995, 9.133, 0, 1, , , 51,125,216
321.611, 202.244, 5.436, 0, 1, , , 51,125,216
269.861, 167.454, 23.164, 0, 1, , , 51,125,216
282.676, 177.077, 8.842, 0, 1, , , 51,125,216
319.307, 241.775, 15.104, 0, 1, , , 51,125,216
341.673, 244.168, 9.812, 0, 1, , , 51,125,216
353.491, 245.543, 7.325, 0, 1, , , 51,125,216
348.877, 259.455, 10.078, 0, 1, , , 51,125,216
325.726, 224.819, 7.890, 0, 1, , , 51,125,216
344.248, 268.391, 15.861, 0, 1, , , 51,125,216
386.373, 289.232, 16.099, 0, 1, , , 51,125,216
395.631, 274.183, 19.305, 0, 1, , , 51,125,216
384.802, 273.787, 19.047, 0, 1, , , 51,125,216
413.445, 273.840, 24.419, 0, 1, , , 51,125,216
375.484, 275.135, 16.882, 0, 1, , , 51,125,216
445.131, 321.109, 14.401, 0, 1, , , 51,125,216
433.194, 316.940, 16.941, 0, 1, , , 51,125,216
425.162, 307.532, 17.814, 0, 1, , , 51,125,216
432.545, 304.093, 8.931, 0, 1, , , 51,125,216
433.030, 297.894, 11.175, 0, 1, , , 51,125,216
465.381, 320.033, 17.540, 0, 1, , , 51,125,216
482.362, 327.250, 17.808, 0, 1, , , 51,125,216
502.572, 340.397, 15.293, 0, 1, , , 51,125,216
497.167, 344.733, 13.189, 0, 1, , , 51,125,216
512.080, 348.297, 15.169, 0, 1, , , 51,125,216
489.398, 341.560, 15.017, 0, 1, , , 51,125,216
491.327, 335.123, 17.111, 0, 1, , , 51,125,216
458.690, 323.107, 11.934, 0, 1, , , 51,125,216
172.634, 149.828, 19.971, 0, 1, , , 51,125,216
321.396, 195.636, 25.280, 0, 1, , , 51,125,216
313.405, 171.117, 20.267, 0, 1, , , 51,125,216
315.340, 204.305, 24.107, 0, 1, , , 51,125,216
