##x,y,z,radius,shape,name,comment, color_r,color_g,color_b
371.582, 178.038, 17.949, 0, 1, , , 172,183,43
364.636, 185.457, 19.229, 0, 1, , , 172,183,43
358.054, 201.890, 29.702, 0, 1, , , 172,183,43
371.129, 204.309, 36.448, 0, 1, , , 172,183,43
374.559, 162.797, 22.652, 0, 1, , , 172,183,43
377.301, 159.132, 34.130, 0, 1, , , 172,183,43
392.322, 174.575, 41.357, 0, 1, , , 172,183,43
372.636, 182.139, 44.307, 0, 1, , , 172,183,43
263.576, 167.312, 22.580, 0, 1, , , 172,183,43
276.090, 161.186, 46.868, 0, 1, , , 172,183,43
221.813, 151.636, 8.541, 0, 1, , , 172,183,43
232.157, 150.601, 58.140, 0, 1, , , 172,183,43
264.705, 140.537, 14.860, 0, 1, , , 172,183,43
274.571, 133.417, 49.268, 0, 1, , , 172,183,43
255.152, 116.523, 18.938, 0, 1, , , 172,183,43
265.088, 116.727, 41.310, 0, 1, , , 172,183,43
103.141, 167.633, 34.704, 0, 1, , , 172,183,43
88.105, 170.497, 39.316, 0, 1, , , 172,183,43
71.722, 170.188, 37.027, 0, 1, , , 172,183,43
