##x,y,z,radius,shape,name,comment, color_r,color_g,color_b
231.955, 149.844, 22.850, 0, 1, , , 50,214,128
207.375, 141.551, 21.496, 0, 1, , , 50,214,128
217.849, 123.439, 11.895, 0, 1, , , 50,214,128
223.392, 116.688, 13.712, 0, 1, , , 50,214,128
234.674, 109.966, 24.805, 0, 1, , , 50,214,128
217.671, 121.475, 37.728, 0, 1, , , 50,214,128
217.304, 131.604, 36.629, 0, 1, , , 50,214,128
221.749, 107.723, 36.766, 0, 1, , , 50,214,128
307.657, 173.176, 16.350, 0, 1, , , 50,214,128
306.640, 179.677, 35.755, 0, 1, , , 50,214,128
332.834, 171.577, 13.252, 0, 1, , , 50,214,128
335.554, 181.448, 36.119, 0, 1, , , 50,214,128
316.549, 142.316, 13.859, 0, 1, , , 50,214,128
315.885, 147.869, 44.347, 0, 1, , , 50,214,128
337.016, 129.768, 25.502, 0, 1, , , 50,214,128
345.394, 142.125, 38.826, 0, 1, , , 50,214,128
419.812, 255.184, 30.271, 0, 1, , , 50,214,128
460.682, 271.440, 31.526, 0, 1, , , 50,214,128
447.094, 264.862, 27.335, 0, 1, , , 50,214,128
