##x,y,z,radius,shape,name,comment, color_r,color_g,color_b
275.760, 122.348, 18.222, 0, 1, , , 117,67,215
263.453, 138.771, 18.479, 0, 1, , , 117,67,215
286.251, 145.857, 27.070, 0, 1, , , 117,67,215
270.624, 156.663, 31.767, 0, 1, , , 117,67,215
258.782, 117.246, 24.051, 0, 1, , , 117,67,215
259.860, 110.536, 35.409, 0, 1, , , 117,67,215
280.590, 115.515, 42.609, 0, 1, , , 117,67,215
280.203, 129.803, 42.765, 0, 1, , , 117,67,215
184.417, 204.145, 19.863, 0, 1, , , 117,67,215
197.465, 187.733, 43.763, 0, 1, , , 117,67,215
154.804, 201.224, 13.287, 0, 1, , , 117,67,215
164.659, 197.210, 45.090, 0, 1, , , 117,67,215
180.822, 172.297, 13.579, 0, 1, , , 117,67,215
179.771, 167.323, 47.669, 0, 1, , , 117,67,215
148.341, 168.026, 18.290, 0, 1, , , 117,67,215
95.954, 285.184, 33.723, 0, 1, , , 117,67,215
73.169, 302.011, 35.457, 0, 1, , , 117,67,215
