##x,y,z,radius,shape,name,comment, color_r,color_g,color_b
147.272, 128.018, 44.220, 0, 1, , , 83,238,35
156.583, 137.854, 44.813, 0, 1, , , 83,238,35
138.765, 152.865, 33.722, 0, 1, , , 83,238,35
157.252, 157.817, 29.966, 0, 1, , , 83,238,35
153.901, 106.826, 34.860, 0, 1, , , 83,238,35
147.233, 109.716, 23.545, 0, 1, , , 83,238,35
140.298, 121.599, 17.614, 0, 1, , , 83,238,35
142.154, 134.304, 16.579, 0, 1, , , 83,238,35
242.786, 166.245, 41.860, 0, 1, , , 83,238,35
251.665, 165.454, 16.783, 0, 1, , , 83,238,35
282.780, 166.089, 49.852, 0, 1, , , 83,238,35
291.178, 158.875, 10.485, 0, 1, , , 83,238,35
260.233, 151.733, 47.685, 0, 1, , , 83,238,35
262.175, 146.527, 14.713, 0, 1, , , 83,238,35
281.286, 136.725, 42.199, 0, 1, , , 83,238,35
279.333, 136.065, 21.425, 0, 1, , , 83,238,35
383.195, 234.496, 30.476, 0, 1, , , 83,238,35
389.100, 243.191, 28.439, 0, 1, , , 83,238,35
417.966, 251.830, 30.952, 0, 1, , , 83,238,35
