##x,y,z,radius,shape,name,comment, color_r,color_g,color_b
8.017, 103.050, 19.999, 0, 1, , , 171,66,176
12.941, 90.796, 15.667, 0, 1, , , 171,66,176
62.760, 108.189, 11.120, 0, 1, , , 171,66,176
53.158, 130.912, 20.978, 0, 1, , , 171,66,176
86.181, 104.620, 22.699, 0, 1, , , 171,66,176
100.295, 146.624, 19.537, 0, 1, , , 171,66,176
108.098, 126.364, 13.237, 0, 1, , , 171,66,176
114.708, 135.018, 10.012, 0, 1, , , 171,66,176
123.537, 143.205, 10.900, 0, 1, , , 171,66,176
93.035, 161.656, 17.070, 0, 1, , , 171,66,176
106.114, 161.749, 16.451, 0, 1, , , 171,66,176
124.251, 160.651, 21.230, 0, 1, , , 171,66,176
110.684, 86.676, 19.250, 0, 1, , , 171,66,176
122.801, 104.082, 11.418, 0, 1, , , 171,66,176
131.863, 108.062, 14.490, 0, 1, , , 171,66,176
144.704, 130.573, 11.815, 0, 1, , , 171,66,176
156.232, 149.142, 10.820, 0, 1, , , 171,66,176
156.808, 173.563, 16.714, 0, 1, , , 171,66,176
141.909, 165.015, 21.221, 0, 1, , , 171,66,176
163.906, 122.626, 13.524, 0, 1, , , 171,66,176
152.442, 115.820, 19.510, 0, 1, , , 171,66,176
144.959, 110.541, 17.860, 0, 1, , , 171,66,176
135.473, 122.277, 12.522, 0, 1, , , 171,66,176
128.397, 125.736, 24.015, 0, 1, , , 171,66,176
134.763, 139.511, 27.099, 0, 1, , , 171,66,176
150.722, 160.922, 26.775, 0, 1, , , 171,66,176
147.523, 133.620, 25.799, 0, 1, , , 171,66,176
113.880, 144.616, 25.595, 0, 1, , , 171,66,176
105.824, 121.301, 28.918, 0, 1, , , 171,66,176
166.806, 129.183, 11.135, 0, 1, , , 171,66,176
185.158, 182.893, 25.506, 0, 1, , , 171,66,176
193.158, 187.956, 24.594, 0, 1, , , 171,66,176
199.913, 186.027, 22.043, 0, 1, , , 171,66,176
215.739, 182.440, 12.756, 0, 1, , , 171,66,176
214.687, 199.279, 17.877, 0, 1, , , 171,66,176
207.320, 186.461, 13.169, 0, 1, , , 171,66,176
212.916, 190.957, 16.197, 0, 1, , , 171,66,176
224.778, 199.845, 11.926, 0, 1, , , 171,66,176
205.244, 128.180, 9.613, 0, 1, , , 171,66,176
217.106, 123.743, 18.173, 0, 1, , , 171,66,176
220.663, 130.581, 19.969, 0, 1, , , 171,66,176
211.055, 147.021, 12.418, 0, 1, , , 171,66,176
218.858, 150.774, 10.447, 0, 1, , , 171,66,176
218.858, 171.605, 11.830, 0, 1, , , 171,66,176
218.080, 159.241, 27.303, 0, 1, , , 171,66,176
208.284, 163.307, 28.651, 0, 1, , , 171,66,176
227.886, 154.106, 10.805, 0, 1, , , 171,66,176
226.510, 140.455, 9.243, 0, 1, , , 171,66,176
247.072, 192.703, 8.145, 0, 1, , , 171,66,176
251.630, 180.308, 10.720, 0, 1, , , 171,66,176
244.663, 152.118, 10.596, 0, 1, , , 171,66,176
265.758, 163.826, 10.822, 0, 1, , , 171,66,176
261.350, 154.691, 14.002, 0, 1, , , 171,66,176
271.152, 154.397, 13.422, 0, 1, , , 171,66,176
244.298, 138.130, 13.599, 0, 1, , , 171,66,176
251.328, 142.999, 14.207, 0, 1, , , 171,66,176
234.432, 142.509, 17.402, 0, 1, , , 171,66,176
264.940, 147.650, 15.683, 0, 1, , , 171,66,176
273.801, 147.852, 22.149, 0, 1, , , 171,66,176
289.748, 175.331, 6.392, 0, 1, , , 171,66,176
288.608, 192.487, 6.239, 0, 1, , , 171,66,176
264.771, 175.921, 11.042, 0, 1, , , 171,66,176
266.718, 200.785, 7.839, 0, 1, , , 171,66,176
273.626, 210.974, 8.377, 0, 1, , , 171,66,176
272.924, 220.119, 7.978, 0, 1, , , 171,66,176
258.815, 233.909, 16.081, 0, 1, , , 171,66,176
260.783, 225.998, 14.777, 0, 1, , , 171,66,176
255.459, 201.416, 9.662, 0, 1, , , 171,66,176
249.076, 218.579, 14.401, 0, 1, , , 171,66,176
237.052, 214.323, 16.894, 0, 1, , , 171,66,176
240.142, 227.744, 20.827, 0, 1, , , 171,66,176
237.931, 223.592, 16.460, 0, 1, , , 171,66,176
250.553, 209.546, 21.458, 0, 1, , , 171,66,176
247.726, 205.184, 11.631, 0, 1, , , 171,66,176
189.571, 173.478, 24.460, 0, 1, , , 171,66,176
232.052, 197.002, 24.684, 0, 1, , , 171,66,176
197.531, 198.195, 22.944, 0, 1, , , 171,66,176
307.714, 245.145, 9.095, 0, 1, , , 171,66,176
315.136, 255.244, 15.964, 0, 1, , , 171,66,176
321.504, 240.811, 7.234, 0, 1, , , 171,66,176
338.741, 232.719, 5.241, 0, 1, , , 171,66,176
346.816, 240.006, 7.179, 0, 1, , , 171,66,176
339.830, 254.609, 13.760, 0, 1, , , 171,66,176
346.107, 263.217, 17.951, 0, 1, , , 171,66,176
351.441, 264.329, 7.992, 0, 1, , , 171,66,176
363.826, 264.106, 7.948, 0, 1, , , 171,66,176
373.863, 267.108, 8.645, 0, 1, , , 171,66,176
371.089, 276.702, 10.005, 0, 1, , , 171,66,176
385.903, 274.407, 11.073, 0, 1, , , 171,66,176
385.047, 271.408, 7.940, 0, 1, , , 171,66,176
411.291, 276.745, 10.305, 0, 1, , , 171,66,176
419.818, 284.842, 10.591, 0, 1, , , 171,66,176
437.477, 289.786, 10.667, 0, 1, , , 171,66,176
439.818, 282.858, 8.032, 0, 1, , , 171,66,176
448.042, 289.053, 6.321, 0, 1, , , 171,66,176
458.450, 292.440, 6.808, 0, 1, , , 171,66,176
462.744, 297.115, 8.465, 0, 1, , , 171,66,176
471.591, 299.120, 7.158, 0, 1, , , 171,66,176
481.403, 303.583, 7.920, 0, 1, , , 171,66,176
493.805, 308.337, 6.490, 0, 1, , , 171,66,176
361.522, 203.136, 5.185, 0, 1, , , 171,66,176
354.721, 189.211, 4.976, 0, 1, , , 171,66,176
325.236, 179.048, 4.870, 0, 1, , , 171,66,176
369.037, 267.768, 17.984, 0, 1, , , 171,66,176
272.446, 165.731, 8.927, 0, 1, , , 171,66,176
212.129, 181.689, 29.685, 0, 1, , , 171,66,176
223.662, 194.037, 24.817, 0, 1, , , 171,66,176
222.990, 218.729, 26.475, 0, 1, , , 171,66,176
242.915, 190.367, 26.199, 0, 1, , , 171,66,176
138.090, 136.027, 11.596, 0, 1, , , 171,66,176
196.209, 133.075, 10.592, 0, 1, , , 171,66,176
212.180, 137.282, 9.690, 0, 1, , , 171,66,176
258.865, 211.718, 20.460, 0, 1, , , 68,185,161
251.839, 157.676, 10.821, 0, 1, , , 68,185,161
238.494, 209.401, 22.766, 0, 1, , , 68,185,161
242.244, 202.017, 26.782, 0, 1, , , 68,185,161
241.358, 174.837, 27.169, 0, 1, , , 68,185,161
