##x,y,z,radius,shape,name,comment, color_r,color_g,color_b
131.082, 224.622, 16.551, 0, 1, , , 179,19,180
133.795, 210.325, 16.399, 0, 1, , , 179,19,180
116.774, 197.159, 23.435, 0, 1, , , 179,19,180
123.992, 193.408, 28.025, 0, 1, , , 179,19,180
148.604, 230.858, 23.250, 0, 1, , , 179,19,180
142.817, 231.384, 34.365, 0, 1, , , 179,19,180
130.966, 226.366, 40.525, 0, 1, , , 179,19,180
133.524, 209.149, 41.630, 0, 1, , , 179,19,180
232.699, 150.747, 21.019, 0, 1, , , 179,19,180
223.460, 168.956, 43.443, 0, 1, , , 179,19,180
280.053, 135.481, 8.302, 0, 1, , , 179,19,180
256.525, 148.829, 49.287, 0, 1, , , 179,19,180
250.481, 181.387, 11.880, 0, 1, , , 179,19,180
237.391, 184.025, 43.491, 0, 1, , , 179,19,180
285.745, 168.102, 16.925, 0, 1, , , 179,19,180
254.109, 181.634, 45.983, 0, 1, , , 179,19,180
363.495, 58.889, 35.920, 0, 1, , , 179,19,180
378.085, 49.540, 37.694, 0, 1, , , 179,19,180
