##x,y,z,radius,shape,name,comment, color_r,color_g,color_b
33.710, 117.007, 22.286, 0, 1, , , 250,49,6
40.499, 79.056, 15.764, 0, 1, , , 250,49,6
47.954, 123.150, 14.533, 0, 1, , , 250,49,6
63.912, 153.117, 16.058, 0, 1, , , 250,49,6
68.640, 126.740, 19.865, 0, 1, , , 250,49,6
87.901, 154.539, 20.969, 0, 1, , , 250,49,6
92.860, 134.922, 9.126, 0, 1, , , 250,49,6
115.620, 143.498, 9.854, 0, 1, , , 250,49,6
114.221, 165.870, 14.777, 0, 1, , , 250,49,6
106.530, 161.971, 18.268, 0, 1, , , 250,49,6
107.936, 125.599, 8.996, 0, 1, , , 250,49,6
95.526, 110.631, 9.506, 0, 1, , , 250,49,6
76.649, 122.967, 9.067, 0, 1, , , 250,49,6
85.904, 114.734, 23.684, 0, 1, , , 250,49,6
79.895, 100.766, 16.173, 0, 1, , , 250,49,6
140.115, 121.348, 11.453, 0, 1, , , 250,49,6
127.813, 113.127, 14.661, 0, 1, , , 250,49,6
128.035, 168.848, 12.291, 0, 1, , , 250,49,6
125.407, 137.923, 24.080, 0, 1, , , 250,49,6
111.476, 145.545, 21.258, 0, 1, , , 250,49,6
103.027, 101.849, 11.875, 0, 1, , , 250,49,6
96.907, 103.258, 22.230, 0, 1, , , 250,49,6
154.872, 121.442, 19.645, 0, 1, , , 250,49,6
150.444, 181.190, 25.694, 0, 1, , , 250,49,6
157.405, 180.280, 20.626, 0, 1, , , 250,49,6
172.303, 167.783, 9.235, 0, 1, , , 250,49,6
172.738, 188.812, 13.161, 0, 1, , , 250,49,6
175.908, 200.079, 14.087, 0, 1, , , 250,49,6
171.828, 183.148, 25.488, 0, 1, , , 250,49,6
180.725, 165.783, 7.071, 0, 1, , , 250,49,6
178.657, 174.838, 22.893, 0, 1, , , 250,49,6
170.953, 142.038, 9.450, 0, 1, , , 250,49,6
190.861, 146.530, 7.236, 0, 1, , , 250,49,6
177.821, 122.636, 9.140, 0, 1, , , 250,49,6
183.234, 128.816, 11.098, 0, 1, , , 250,49,6
190.279, 135.595, 13.639, 0, 1, , , 250,49,6
229.623, 150.642, 11.201, 0, 1, , , 250,49,6
206.989, 144.972, 9.448, 0, 1, , , 250,49,6
212.490, 151.735, 9.954, 0, 1, , , 250,49,6
207.621, 157.790, 7.506, 0, 1, , , 250,49,6
224.706, 131.696, 11.472, 0, 1, , , 250,49,6
220.654, 136.728, 10.478, 0, 1, , , 250,49,6
226.929, 133.206, 19.234, 0, 1, , , 250,49,6
244.254, 150.258, 10.042, 0, 1, , , 250,49,6
260.788, 149.381, 10.504, 0, 1, , , 250,49,6
255.005, 146.143, 15.978, 0, 1, , , 250,49,6
258.217, 142.386, 20.659, 0, 1, , , 250,49,6
267.852, 144.825, 22.805, 0, 1, , , 250,49,6
244.062, 137.771, 21.560, 0, 1, , , 250,49,6
218.829, 204.897, 23.471, 0, 1, , , 250,49,6
191.582, 206.595, 19.498, 0, 1, , , 250,49,6
197.170, 201.999, 9.806, 0, 1, , , 250,49,6
206.271, 206.003, 17.498, 0, 1, , , 250,49,6
205.856, 212.984, 20.559, 0, 1, , , 250,49,6
213.789, 209.406, 23.099, 0, 1, , , 250,49,6
222.299, 166.334, 27.687, 0, 1, , , 250,49,6
219.313, 184.137, 25.414, 0, 1, , , 250,49,6
201.661, 168.658, 9.752, 0, 1, , , 250,49,6
218.208, 161.673, 9.561, 0, 1, , , 250,49,6
233.649, 156.974, 11.536, 0, 1, , , 250,49,6
236.507, 142.374, 12.602, 0, 1, , , 250,49,6
213.010, 158.136, 22.660, 0, 1, , , 250,49,6
188.851, 181.954, 27.109, 0, 1, , , 250,49,6
237.076, 166.720, 29.963, 0, 1, , , 250,49,6
265.054, 191.750, 7.071, 0, 1, , , 250,49,6
296.973, 215.519, 29.136, 0, 1, , , 250,49,6
315.440, 229.667, 27.509, 0, 1, , , 250,49,6
295.255, 147.405, 14.590, 0, 1, , , 250,49,6
326.791, 186.963, 26.709, 0, 1, , , 250,49,6
340.716, 177.968, 22.444, 0, 1, , , 250,49,6
336.323, 234.259, 28.115, 0, 1, , , 250,49,6
365.050, 172.228, 16.064, 0, 1, , , 250,49,6
311.348, 154.568, 15.697, 0, 1, , , 250,49,6
335.850, 168.519, 22.805, 0, 1, , , 250,49,6
304.027, 204.942, 9.626, 0, 1, , , 250,49,6
388.233, 185.252, 29.327, 0, 1, , , 250,49,6
190.572, 160.114, 9.852, 0, 1, , , 250,49,6
120.985, 109.754, 13.252, 0, 1, , , 250,49,6
97.750, 125.757, 9.439, 0, 1, , , 250,49,6
187.288, 193.701, 14.722, 0, 1, , , 250,49,6
182.745, 199.910, 22.994, 0, 1, , , 250,49,6
250.922, 138.777, 12.505, 0, 1, , , 250,49,6
247.839, 159.629, 26.701, 0, 1, , , 250,49,6
204.500, 144.044, 19.825, 0, 1, , , 250,49,6
201.327, 139.041, 21.542, 0, 1, , , 250,49,6
225.344, 146.335, 19.045, 0, 1, , , 250,49,6
199.151, 130.465, 14.595, 0, 1, , , 250,49,6
157.182, 185.417, 24.236, 0, 1, , , 250,49,6
153.586, 144.809, 21.868, 0, 1, , , 250,49,6
249.705, 229.608, 16.456, 0, 1, , , 250,49,6
236.344, 178.035, 26.573, 0, 1, , , 250,49,6
