##x,y,z,radius,shape,name,comment, color_r,color_g,color_b
125.087, 123.521, 23.723, 0, 1, , , 43,202,149
121.215, 110.812, 17.958, 0, 1, , , 43,202,149
129.536, 98.503, 17.765, 0, 1, , , 43,202,149
119.258, 111.653, 42.311, 0, 1, , , 43,202,149
140.118, 99.478, 42.807, 0, 1, , , 43,202,149
126.840, 126.748, 36.503, 0, 1, , , 43,202,149
233.361, 102.511, 15.807, 0, 1, , , 43,202,149
220.176, 103.936, 38.560, 0, 1, , , 43,202,149
265.909, 114.171, 13.159, 0, 1, , , 43,202,149
248.835, 113.098, 41.787, 0, 1, , , 43,202,149
220.955, 126.108, 12.541, 0, 1, , , 43,202,149
208.323, 134.532, 46.366, 0, 1, , , 43,202,149
231.301, 156.026, 16.451, 0, 1, , , 43,202,149
220.979, 152.855, 34.850, 0, 1, , , 43,202,149
379.945, 103.462, 24.966, 0, 1, , , 43,202,149
404.886, 96.886, 29.968, 0, 1, , , 43,202,149
425.229, 100.851, 28.120, 0, 1, , , 43,202,149
123.702, 79.648, 28.671, 0, 1, , , 43,202,149
138.024, 84.384, 32.968, 0, 1, , , 43,202,149
